2814.949017 -0.585932 0.013717 0.037417 -0.004210 0.007791
2814.961959 -0.585753 0.014033 0.037362 -0.004307 0.007989
2814.974902 -0.585569 0.014349 0.037306 -0.004403 0.008188
2814.987844 -0.585381 0.014664 0.037248 -0.004500 0.008386
2815.000786 -0.585190 0.014978 0.037189 -0.004596 0.008583
2815.013728 -0.584994 0.015292 0.037129 -0.004692 0.008780
2815.026670 -0.584794 0.015606 0.037068 -0.004788 0.008977
2815.039613 -0.584590 0.015918 0.037005 -0.004884 0.009174
2815.052555 -0.584382 0.016230 0.036942 -0.004979 0.009370
2815.065497 -0.584170 0.016542 0.036877 -0.005074 0.009566
2815.078439 -0.583954 0.016853 0.036810 -0.005169 0.009761
2815.091382 -0.583733 0.017163 0.036743 -0.005264 0.009956
2815.104324 -0.583509 0.017472 0.036674 -0.005358 0.010151
2815.117266 -0.583281 0.017781 0.036604 -0.005452 0.010345
2815.130208 -0.583049 0.018089 0.036533 -0.005546 0.010539
2815.143151 -0.582813 0.018397 0.036461 -0.005640 0.010732
2815.156093 -0.582573 0.018704 0.036387 -0.005733 0.010925
2815.169035 -0.582329 0.019010 0.036312 -0.005826 0.011118
2815.181977 -0.582081 0.019315 0.036236 -0.005918 0.011310
2815.194920 -0.581829 0.019619 0.036159 -0.006011 0.011502
2815.207862 -0.581573 0.019923 0.036081 -0.006103 0.011693
2815.220804 -0.581313 0.020226 0.036001 -0.006195 0.011884
2815.233746 -0.581049 0.020528 0.035920 -0.006286 0.012074
2815.246688 -0.580782 0.020830 0.035838 -0.006378 0.012264
2815.259631 -0.580510 0.021130 0.035755 -0.006468 0.012453
2815.272573 -0.580235 0.021430 0.035671 -0.006559 0.012642
2815.285515 -0.579956 0.021729 0.035585 -0.006649 0.012831
2815.298457 -0.579672 0.022027 0.035499 -0.006739 0.013019
2815.311400 -0.579385 0.022324 0.035411 -0.006829 0.013206
2815.324342 -0.579095 0.022621 0.035322 -0.006918 0.013393
2815.337284 -0.578800 0.022916 0.035232 -0.007007 0.013579
2815.350226 -0.578501 0.023211 0.035141 -0.007096 0.013765
2815.363169 -0.578199 0.023505 0.035048 -0.007184 0.013951
2815.376111 -0.577893 0.023798 0.034955 -0.007272 0.014136
2815.389053 -0.577583 0.024090 0.034860 -0.007359 0.014320
2815.401995 -0.577269 0.024381 0.034764 -0.007446 0.014504
2815.414938 -0.576952 0.024671 0.034667 -0.007533 0.014687
2815.427880 -0.576631 0.024960 0.034569 -0.007620 0.014869
2815.440822 -0.576306 0.025249 0.034470 -0.007706 0.015052
2815.453764 -0.575977 0.025536 0.034370 -0.007792 0.015233
2815.466706 -0.575645 0.025822 0.034268 -0.007877 0.015414
2815.479649 -0.575309 0.026108 0.034166 -0.007962 0.015594
2815.492591 -0.574969 0.026392 0.034062 -0.008046 0.015774
2815.505533 -0.574626 0.026676 0.033958 -0.008131 0.015953
2815.518475 -0.574279 0.026958 0.033852 -0.008214 0.016132
2815.531418 -0.573928 0.027240 0.033745 -0.008298 0.016310
2815.544360 -0.573574 0.027520 0.033637 -0.008381 0.016487
2815.557302 -0.573216 0.027799 0.033528 -0.008463 0.016664
2815.570244 -0.572854 0.028078 0.033418 -0.008546 0.016840
2815.583187 -0.572489 0.028355 0.033307 -0.008627 0.017015
2815.596129 -0.572120 0.028631 0.033195 -0.008709 0.017190
2815.609071 -0.571748 0.028907 0.033081 -0.008790 0.017364
2815.622013 -0.571372 0.029181 0.032967 -0.008870 0.017538
2815.634956 -0.570992 0.029454 0.032852 -0.008950 0.017711
2815.647898 -0.570610 0.029726 0.032735 -0.009030 0.017883
2815.660840 -0.570223 0.029997 0.032618 -0.009109 0.018055
2815.673782 -0.569833 0.030266 0.032500 -0.009188 0.018226
2815.686724 -0.569440 0.030535 0.032380 -0.009266 0.018396
2815.699667 -0.569043 0.030803 0.032260 -0.009344 0.018565
2815.712609 -0.568642 0.031069 0.032138 -0.009422 0.018734
2815.725551 -0.568238 0.031334 0.032016 -0.009499 0.018903
2815.738493 -0.567831 0.031598 0.031892 -0.009575 0.019070
2815.751436 -0.567421 0.031861 0.031768 -0.009651 0.019237
2815.764378 -0.567007 0.032123 0.031643 -0.009727 0.019403
2815.777320 -0.566589 0.032384 0.031516 -0.009802 0.019568
2815.790262 -0.566168 0.032643 0.031389 -0.009877 0.019733
2815.803205 -0.565744 0.032902 0.031261 -0.009951 0.019897
2815.816147 -0.565317 0.033159 0.031131 -0.010025 0.020060
2815.829089 -0.564886 0.033415 0.031001 -0.010098 0.020223
2815.842031 -0.564452 0.033670 0.030870 -0.010171 0.020384
2815.854974 -0.564014 0.033923 0.030738 -0.010243 0.020546
2815.867916 -0.563574 0.034175 0.030605 -0.010315 0.020706
2815.880858 -0.563130 0.034427 0.030471 -0.010387 0.020865
2815.893800 -0.562683 0.034676 0.030336 -0.010458 0.021024
2815.906742 -0.562232 0.034925 0.030200 -0.010528 0.021182
2815.919685 -0.561779 0.035172 0.030063 -0.010598 0.021340
2815.932627 -0.561322 0.035419 0.029926 -0.010667 0.021496
2815.945569 -0.560862 0.035663 0.029787 -0.010736 0.021652
2815.958511 -0.560399 0.035907 0.029648 -0.010805 0.021807
2815.971454 -0.559932 0.036149 0.029508 -0.010873 0.021961
2815.984396 -0.559463 0.036391 0.029367 -0.010940 0.022115
2815.997338 -0.558990 0.036630 0.029224 -0.011007 0.022267
2816.010280 -0.558515 0.036869 0.029082 -0.011073 0.022419
2816.023223 -0.558036 0.037106 0.028938 -0.011139 0.022570
2816.036165 -0.557554 0.037342 0.028793 -0.011204 0.022720
2816.049107 -0.557069 0.037577 0.028648 -0.011269 0.022870
2816.062049 -0.556582 0.037810 0.028502 -0.011334 0.023019
2816.074992 -0.556091 0.038042 0.028354 -0.011397 0.023167
2816.087934 -0.555597 0.038273 0.028207 -0.011461 0.023314
2816.100876 -0.555100 0.038502 0.028058 -0.011523 0.023460
2816.113818 -0.554600 0.038730 0.027908 -0.011586 0.023605
2816.126760 -0.554098 0.038957 0.027758 -0.011647 0.023750
2816.139703 -0.553592 0.039182 0.027607 -0.011708 0.023894
2816.152645 -0.553083 0.039406 0.027455 -0.011769 0.024037
2816.165587 -0.552572 0.039629 0.027302 -0.011829 0.024179
2816.178529 -0.552058 0.039851 0.027149 -0.011889 0.024320
2816.191472 -0.551540 0.040071 0.026994 -0.011948 0.024461
2816.204414 -0.551020 0.040289 0.026839 -0.012006 0.024600
2816.217356 -0.550498 0.040506 0.026684 -0.012064 0.024739
2816.230298 -0.549972 0.040722 0.026527 -0.012121 0.024877
2816.243241 -0.549444 0.040937 0.026370 -0.012178 0.025014
2816.256183 -0.548912 0.041150 0.026212 -0.012235 0.025151
2816.269125 -0.548378 0.041362 0.026053 -0.012290 0.025286
2816.282067 -0.547842 0.041572 0.025894 -0.012345 0.025421
2816.295010 -0.547302 0.041781 0.025734 -0.012400 0.025554
2816.307952 -0.546760 0.041989 0.025573 -0.012454 0.025687
2816.320894 -0.546215 0.042195 0.025411 -0.012508 0.025819
2816.333836 -0.545668 0.042400 0.025249 -0.012561 0.025950
2816.346778 -0.545118 0.042603 0.025086 -0.012613 0.026081
2816.359721 -0.544565 0.042805 0.024923 -0.012665 0.026210
2816.372663 -0.544010 0.043006 0.024758 -0.012716 0.026339
2816.385605 -0.543452 0.043205 0.024593 -0.012767 0.026466
2816.398547 -0.542892 0.043403 0.024428 -0.012817 0.026593
2816.411490 -0.542329 0.043599 0.024262 -0.012867 0.026719
2816.424432 -0.541763 0.043794 0.024095 -0.012916 0.026844
2816.437374 -0.541195 0.043988 0.023927 -0.012964 0.026968
2816.450316 -0.540625 0.044180 0.023759 -0.013012 0.027091
2816.463259 -0.540052 0.044370 0.023591 -0.013059 0.027214
2816.476201 -0.539476 0.044559 0.023421 -0.013106 0.027335
2816.489143 -0.538898 0.044747 0.023251 -0.013152 0.027456
2816.502085 -0.538318 0.044934 0.023081 -0.013198 0.027575
2816.515027 -0.537735 0.045118 0.022910 -0.013243 0.027694
2816.527970 -0.537150 0.045302 0.022738 -0.013288 0.027812
2816.540912 -0.536562 0.045484 0.022566 -0.013332 0.027929
2816.553854 -0.535973 0.045664 0.022393 -0.013375 0.028045
2816.566796 -0.535380 0.045843 0.022220 -0.013418 0.028161
2816.579739 -0.534786 0.046021 0.022046 -0.013460 0.028275
2816.592681 -0.534189 0.046197 0.021871 -0.013502 0.028388
2816.605623 -0.533590 0.046372 0.021696 -0.013543 0.028501
2816.618565 -0.532989 0.046545 0.021521 -0.013583 0.028612
2816.631508 -0.532385 0.046717 0.021345 -0.013623 0.028723
2816.644450 -0.531780 0.046888 0.021168 -0.013662 0.028833
2816.657392 -0.531172 0.047056 0.020991 -0.013701 0.028942
2816.670334 -0.530562 0.047224 0.020813 -0.013739 0.029050
2816.683277 -0.529949 0.047390 0.020635 -0.013777 0.029157
2816.696219 -0.529335 0.047554 0.020457 -0.013814 0.029263
2816.709161 -0.528718 0.047717 0.020278 -0.013851 0.029368
2816.722103 -0.528100 0.047879 0.020098 -0.013887 0.029473
2816.735045 -0.527479 0.048039 0.019918 -0.013922 0.029576
2816.747988 -0.526856 0.048198 0.019738 -0.013957 0.029679
2816.760930 -0.526232 0.048355 0.019557 -0.013991 0.029780
2816.773872 -0.525605 0.048511 0.019376 -0.014025 0.029881
2816.786814 -0.524976 0.048665 0.019194 -0.014058 0.029981
2816.799757 -0.524345 0.048818 0.019012 -0.014090 0.030080
2816.812699 -0.523712 0.048969 0.018829 -0.014122 0.030177
2816.825641 -0.523078 0.049119 0.018646 -0.014154 0.030275
2816.838583 -0.522441 0.049267 0.018463 -0.014184 0.030371
2816.851526 -0.521802 0.049414 0.018279 -0.014215 0.030466
2816.864468 -0.521162 0.049559 0.018095 -0.014244 0.030560
2816.877410 -0.520520 0.049703 0.017910 -0.014273 0.030653
2816.890352 -0.519875 0.049846 0.017726 -0.014302 0.030746
2816.903295 -0.519229 0.049987 0.017540 -0.014330 0.030837
2816.916237 -0.518581 0.050126 0.017355 -0.014357 0.030928
2816.929179 -0.517932 0.050264 0.017169 -0.014384 0.031018
2816.942121 -0.517280 0.050401 0.016982 -0.014410 0.031106
2816.955063 -0.516627 0.050536 0.016796 -0.014436 0.031194
2816.968006 -0.515972 0.050670 0.016609 -0.014461 0.031281
2816.980948 -0.515316 0.050802 0.016421 -0.014486 0.031367
2816.993890 -0.514657 0.050933 0.016234 -0.014510 0.031452
2817.006832 -0.513997 0.051062 0.016046 -0.014533 0.031536
2817.019775 -0.513336 0.051190 0.015858 -0.014556 0.031620
2817.032717 -0.512672 0.051316 0.015669 -0.014579 0.031702
2817.045659 -0.512007 0.051441 0.015480 -0.014601 0.031784
2817.058601 -0.511341 0.051564 0.015291 -0.014622 0.031864
2817.071544 -0.510673 0.051686 0.015102 -0.014643 0.031944
2817.084486 -0.510003 0.051806 0.014912 -0.014663 0.032022
2817.097428 -0.509332 0.051925 0.014722 -0.014683 0.032100
2817.110370 -0.508659 0.052043 0.014532 -0.014702 0.032177
2817.123313 -0.507985 0.052159 0.014342 -0.014720 0.032253
2817.136255 -0.507309 0.052273 0.014151 -0.014738 0.032328
2817.149197 -0.506632 0.052387 0.013960 -0.014756 0.032402
2817.162139 -0.505953 0.052498 0.013769 -0.014773 0.032475
2817.175081 -0.505273 0.052609 0.013578 -0.014789 0.032547
2817.188024 -0.504591 0.052717 0.013386 -0.014805 0.032619
2817.200966 -0.503908 0.052825 0.013195 -0.014820 0.032689
2817.213908 -0.503224 0.052930 0.013003 -0.014835 0.032759
2817.226850 -0.502538 0.053035 0.012811 -0.014849 0.032828
2817.239793 -0.501851 0.053138 0.012618 -0.014863 0.032895
2817.252735 -0.501163 0.053239 0.012426 -0.014876 0.032962
2817.265677 -0.500473 0.053340 0.012233 -0.014889 0.033028
2817.278619 -0.499782 0.053438 0.012040 -0.014901 0.033093
2817.291562 -0.499090 0.053535 0.011847 -0.014913 0.033157
2817.304504 -0.498396 0.053631 0.011654 -0.014924 0.033221
2817.317446 -0.497701 0.053726 0.011461 -0.014934 0.033283
2817.330388 -0.497006 0.053818 0.011268 -0.014944 0.033344
2817.343331 -0.496308 0.053910 0.011074 -0.014954 0.033405
2817.356273 -0.495610 0.054000 0.010881 -0.014963 0.033464
2817.369215 -0.494911 0.054089 0.010687 -0.014971 0.033523
2817.382157 -0.494210 0.054176 0.010493 -0.014980 0.033581
2817.395099 -0.493508 0.054262 0.010299 -0.014987 0.033638
2817.408042 -0.492806 0.054346 0.010105 -0.014994 0.033694
2817.420984 -0.492102 0.054429 0.009911 -0.015001 0.033749
2817.433926 -0.491397 0.054511 0.009717 -0.015007 0.033804
2817.446868 -0.490691 0.054591 0.009523 -0.015012 0.033857
2817.459811 -0.489984 0.054670 0.009328 -0.015017 0.033910
2817.472753 -0.489276 0.054747 0.009134 -0.015022 0.033961
2817.485695 -0.488567 0.054823 0.008940 -0.015026 0.034012
2817.498637 -0.487856 0.054897 0.008745 -0.015029 0.034062
2817.511580 -0.487146 0.054971 0.008551 -0.015032 0.034111
2817.524522 -0.486434 0.055042 0.008356 -0.015035 0.034159
2817.537464 -0.485721 0.055113 0.008161 -0.015037 0.034207
2817.550406 -0.485007 0.055182 0.007967 -0.015039 0.034253
2817.563349 -0.484292 0.055249 0.007772 -0.015040 0.034299
2817.576291 -0.483577 0.055316 0.007578 -0.015041 0.034343
2817.589233 -0.482861 0.055381 0.007383 -0.015041 0.034387
2817.602175 -0.482143 0.055444 0.007188 -0.015041 0.034430
2817.615117 -0.481425 0.055506 0.006994 -0.015040 0.034472
2817.628060 -0.480707 0.055567 0.006799 -0.015039 0.034513
2817.641002 -0.479987 0.055626 0.006604 -0.015037 0.034554
2817.653944 -0.479267 0.055684 0.006410 -0.015035 0.034593
2817.666886 -0.478546 0.055741 0.006215 -0.015033 0.034632
2817.679829 -0.477824 0.055797 0.006021 -0.015030 0.034670
2817.692771 -0.477102 0.055851 0.005826 -0.015026 0.034707
2817.705713 -0.476378 0.055903 0.005632 -0.015022 0.034743
2817.718655 -0.475655 0.055955 0.005437 -0.015018 0.034778
2817.731598 -0.474930 0.056005 0.005243 -0.015013 0.034812
2817.744540 -0.474205 0.056053 0.005049 -0.015008 0.034846
2817.757482 -0.473479 0.056101 0.004854 -0.015002 0.034879
2817.770424 -0.472753 0.056147 0.004660 -0.014996 0.034911
2817.783367 -0.472026 0.056191 0.004466 -0.014990 0.034942
2817.796309 -0.471298 0.056235 0.004272 -0.014983 0.034972
2817.809251 -0.470570 0.056277 0.004078 -0.014975 0.035002
2817.822193 -0.469842 0.056317 0.003885 -0.014968 0.035030
2817.835135 -0.469112 0.056357 0.003691 -0.014959 0.035058
2817.848078 -0.468383 0.056395 0.003497 -0.014951 0.035085
2817.861020 -0.467653 0.056432 0.003304 -0.014942 0.035111
2817.873962 -0.466922 0.056467 0.003111 -0.014932 0.035136
2817.886904 -0.466191 0.056502 0.002917 -0.014922 0.035161
2817.899847 -0.465460 0.056535 0.002724 -0.014912 0.035185
2817.912789 -0.464728 0.056566 0.002532 -0.014902 0.035208
2817.925731 -0.463995 0.056597 0.002339 -0.014891 0.035230
2817.938673 -0.463263 0.056626 0.002146 -0.014879 0.035251
2817.951616 -0.462530 0.056654 0.001954 -0.014867 0.035271
2817.964558 -0.461796 0.056681 0.001761 -0.014855 0.035291
2817.977500 -0.461063 0.056706 0.001569 -0.014842 0.035310
2817.990442 -0.460329 0.056730 0.001377 -0.014829 0.035328
2818.003385 -0.459594 0.056753 0.001185 -0.014816 0.035345
2818.016327 -0.458860 0.056775 0.000994 -0.014802 0.035362
2818.029269 -0.458125 0.056795 0.000802 -0.014788 0.035378
2818.042211 -0.457389 0.056814 0.000611 -0.014774 0.035393
2818.055153 -0.456654 0.056832 0.000420 -0.014759 0.035407
2818.068096 -0.455918 0.056849 0.000229 -0.014743 0.035420
2818.081038 -0.455182 0.056864 0.000038 -0.014728 0.035433
2818.093980 -0.454446 0.056878 -0.000152 -0.014712 0.035445
2818.106922 -0.453710 0.056892 -0.000343 -0.014696 0.035456
2818.119865 -0.452974 0.056903 -0.000533 -0.014679 0.035466
2818.132807 -0.452237 0.056914 -0.000723 -0.014662 0.035476
2818.145749 -0.451501 0.056923 -0.000912 -0.014644 0.035485
2818.158691 -0.450764 0.056932 -0.001102 -0.014627 0.035493
2818.171634 -0.450027 0.056939 -0.001291 -0.014609 0.035500
2818.184576 -0.449290 0.056945 -0.001480 -0.014590 0.035507
2818.197518 -0.448553 0.056949 -0.001669 -0.014571 0.035512
2818.210460 -0.447816 0.056953 -0.001857 -0.014552 0.035517
2818.223402 -0.447079 0.056955 -0.002045 -0.014533 0.035522
2818.236345 -0.446342 0.056956 -0.002233 -0.014513 0.035525
2818.249287 -0.445605 0.056956 -0.002421 -0.014493 0.035528
2818.262229 -0.444867 0.056955 -0.002608 -0.014473 0.035530
2818.275171 -0.444130 0.056953 -0.002796 -0.014452 0.035532
2818.288114 -0.443393 0.056949 -0.002982 -0.014431 0.035532
2818.301056 -0.442656 0.056945 -0.003169 -0.014410 0.035532
2818.313998 -0.441919 0.056939 -0.003355 -0.014388 0.035531
2818.326940 -0.441182 0.056932 -0.003542 -0.014366 0.035530
2818.339883 -0.440446 0.056924 -0.003727 -0.014344 0.035528
2818.352825 -0.439709 0.056915 -0.003913 -0.014321 0.035525
2818.365767 -0.438972 0.056905 -0.004098 -0.014298 0.035521
2818.378709 -0.438236 0.056894 -0.004283 -0.014275 0.035517
2818.391652 -0.437500 0.056881 -0.004468 -0.014252 0.035512
2818.404594 -0.436764 0.056868 -0.004652 -0.014228 0.035506
2818.417536 -0.436028 0.056853 -0.004836 -0.014204 0.035500
2818.430478 -0.435292 0.056837 -0.005019 -0.014179 0.035492
2818.443420 -0.434557 0.056820 -0.005203 -0.014155 0.035485
2818.456363 -0.433821 0.056803 -0.005386 -0.014130 0.035476
2818.469305 -0.433086 0.056784 -0.005569 -0.014105 0.035467
2818.482247 -0.432351 0.056764 -0.005751 -0.014079 0.035457
2818.495189 -0.431617 0.056742 -0.005933 -0.014054 0.035446
2818.508132 -0.430883 0.056720 -0.006115 -0.014028 0.035435
2818.521074 -0.430149 0.056697 -0.006296 -0.014002 0.035423
2818.534016 -0.429415 0.056673 -0.006477 -0.013975 0.035411
2818.546958 -0.428682 0.056647 -0.006658 -0.013948 0.035397
2818.559901 -0.427949 0.056621 -0.006838 -0.013921 0.035384
2818.572843 -0.427216 0.056594 -0.007018 -0.013894 0.035369
2818.585785 -0.426484 0.056565 -0.007198 -0.013867 0.035354
2818.598727 -0.425752 0.056536 -0.007377 -0.013839 0.035338
2818.611670 -0.425021 0.056505 -0.007556 -0.013811 0.035321
2818.624612 -0.424290 0.056474 -0.007735 -0.013783 0.035304
2818.637554 -0.423559 0.056441 -0.007913 -0.013754 0.035286
2818.650496 -0.422829 0.056408 -0.008091 -0.013725 0.035268
2818.663438 -0.422099 0.056373 -0.008268 -0.013696 0.035249
2818.676381 -0.421369 0.056337 -0.008445 -0.013667 0.035229
2818.689323 -0.420640 0.056301 -0.008622 -0.013638 0.035209
2818.702265 -0.419912 0.056263 -0.008798 -0.013608 0.035188
2818.715207 -0.419184 0.056225 -0.008974 -0.013578 0.035166
2818.728150 -0.418457 0.056185 -0.009150 -0.013548 0.035144
2818.741092 -0.417730 0.056145 -0.009325 -0.013518 0.035121
2818.754034 -0.417003 0.056104 -0.009500 -0.013488 0.035098
2818.766976 -0.416278 0.056061 -0.009674 -0.013457 0.035074
2818.779919 -0.415552 0.056018 -0.009848 -0.013426 0.035049
2818.792861 -0.414828 0.055974 -0.010021 -0.013395 0.035024
2818.805803 -0.414103 0.055928 -0.010195 -0.013364 0.034998
2818.818745 -0.413380 0.055882 -0.010367 -0.013332 0.034971
2818.831688 -0.412657 0.055835 -0.010540 -0.013301 0.034944
2818.844630 -0.411935 0.055787 -0.010712 -0.013269 0.034916
2818.857572 -0.411213 0.055738 -0.010883 -0.013237 0.034888
2818.870514 -0.410492 0.055688 -0.011054 -0.013204 0.034859
2818.883456 -0.409772 0.055638 -0.011225 -0.013172 0.034830
2818.896399 -0.409052 0.055586 -0.011395 -0.013139 0.034800
2818.909341 -0.408333 0.055533 -0.011565 -0.013106 0.034769
2818.922283 -0.407614 0.055480 -0.011734 -0.013073 0.034738
2818.935225 -0.406897 0.055425 -0.011903 -0.013040 0.034706
2818.948168 -0.406180 0.055370 -0.012072 -0.013007 0.034674
2818.961110 -0.405463 0.055314 -0.012240 -0.012973 0.034641
2818.974052 -0.404748 0.055257 -0.012408 -0.012940 0.034608
2818.986994 -0.404033 0.055199 -0.012575 -0.012906 0.034574
2818.999937 -0.403319 0.055140 -0.012742 -0.012872 0.034539
2819.012879 -0.402606 0.055080 -0.012908 -0.012838 0.034504
2819.025821 -0.401893 0.055020 -0.013074 -0.012804 0.034468
2819.038763 -0.401182 0.054958 -0.013240 -0.012769 0.034432
2819.051706 -0.400471 0.054896 -0.013405 -0.012734 0.034395
2819.064648 -0.399761 0.054833 -0.013569 -0.012700 0.034358
2819.077590 -0.399052 0.054769 -0.013733 -0.012665 0.034320
2819.090532 -0.398343 0.054704 -0.013897 -0.012630 0.034282
2819.103474 -0.397636 0.054639 -0.014060 -0.012595 0.034243
2819.116417 -0.396929 0.054572 -0.014223 -0.012559 0.034204
2819.129359 -0.396223 0.054505 -0.014385 -0.012524 0.034164
2819.142301 -0.395518 0.054437 -0.014547 -0.012488 0.034123
2819.155243 -0.394814 0.054368 -0.014709 -0.012452 0.034082
2819.168186 -0.394111 0.054299 -0.014870 -0.012417 0.034041
2819.181128 -0.393408 0.054228 -0.015030 -0.012381 0.033999
2819.194070 -0.392707 0.054157 -0.015190 -0.012345 0.033956
2819.207012 -0.392007 0.054085 -0.015350 -0.012308 0.033913
2819.219955 -0.391307 0.054012 -0.015509 -0.012272 0.033870
2819.232897 -0.390609 0.053938 -0.015667 -0.012236 0.033826
2819.245839 -0.389911 0.053864 -0.015825 -0.012199 0.033781
2819.258781 -0.389214 0.053789 -0.015983 -0.012162 0.033736
2819.271724 -0.388519 0.053713 -0.016140 -0.012126 0.033691
2819.284666 -0.387824 0.053636 -0.016297 -0.012089 0.033645
2819.297608 -0.387130 0.053559 -0.016453 -0.012052 0.033598
2819.310550 -0.386438 0.053480 -0.016609 -0.012015 0.033551
2819.323492 -0.385746 0.053402 -0.016764 -0.011977 0.033504
2819.336435 -0.385055 0.053322 -0.016919 -0.011940 0.033456
2819.349377 -0.384366 0.053241 -0.017073 -0.011903 0.033408
2819.362319 -0.383677 0.053160 -0.017227 -0.011865 0.033359
2819.375261 -0.382990 0.053078 -0.017380 -0.011828 0.033309
2819.388204 -0.382303 0.052996 -0.017533 -0.011790 0.033260
2819.401146 -0.381618 0.052912 -0.017685 -0.011752 0.033209
2819.414088 -0.380934 0.052828 -0.017837 -0.011714 0.033159
2819.427030 -0.380251 0.052743 -0.017989 -0.011676 0.033108
2819.439973 -0.379568 0.052658 -0.018139 -0.011638 0.033056
2819.452915 -0.378888 0.052572 -0.018290 -0.011600 0.033004
2819.465857 -0.378208 0.052485 -0.018440 -0.011562 0.032952
2819.478799 -0.377529 0.052397 -0.018589 -0.011524 0.032899
2819.491742 -0.376851 0.052309 -0.018738 -0.011486 0.032845
2819.504684 -0.376175 0.052220 -0.018886 -0.011447 0.032791
2819.517626 -0.375500 0.052131 -0.019034 -0.011409 0.032737
2819.530568 -0.374826 0.052040 -0.019182 -0.011370 0.032682
2819.543510 -0.374153 0.051949 -0.019329 -0.011332 0.032627
2819.556453 -0.373481 0.051858 -0.019475 -0.011293 0.032572
2819.569395 -0.372810 0.051765 -0.019621 -0.011255 0.032516
2819.582337 -0.372141 0.051672 -0.019766 -0.011216 0.032459
2819.595279 -0.371473 0.051579 -0.019911 -0.011177 0.032403
2819.608222 -0.370806 0.051485 -0.020056 -0.011138 0.032345
2819.621164 -0.370140 0.051390 -0.020200 -0.011099 0.032288
2819.634106 -0.369476 0.051294 -0.020343 -0.011060 0.032230
2819.647048 -0.368813 0.051198 -0.020486 -0.011021 0.032171
2819.659991 -0.368151 0.051101 -0.020628 -0.010982 0.032113
2819.672933 -0.367490 0.051004 -0.020770 -0.010943 0.032053
2819.685875 -0.366830 0.050906 -0.020912 -0.010904 0.031994
2819.698817 -0.366172 0.050807 -0.021052 -0.010865 0.031934
2819.711759 -0.365515 0.050708 -0.021193 -0.010826 0.031873
2819.724702 -0.364860 0.050608 -0.021333 -0.010787 0.031812
2819.737644 -0.364205 0.050507 -0.021472 -0.010747 0.031751
2819.750586 -0.363552 0.050406 -0.021611 -0.010708 0.031690
2819.763528 -0.362901 0.050305 -0.021749 -0.010669 0.031628
2819.776471 -0.362250 0.050202 -0.021887 -0.010629 0.031565
2819.789413 -0.361601 0.050100 -0.022024 -0.010590 0.031503
2819.802355 -0.360953 0.049996 -0.022161 -0.010551 0.031440
2819.815297 -0.360307 0.049892 -0.022297 -0.010511 0.031376
2819.828240 -0.359662 0.049788 -0.022433 -0.010472 0.031312
2819.841182 -0.359018 0.049682 -0.022568 -0.010432 0.031248
2819.854124 -0.358376 0.049577 -0.022703 -0.010393 0.031183
2819.867066 -0.357735 0.049470 -0.022837 -0.010353 0.031119
2819.880009 -0.357095 0.049364 -0.022971 -0.010314 0.031053
2819.892951 -0.356457 0.049256 -0.023104 -0.010274 0.030988
2819.905893 -0.355820 0.049148 -0.023237 -0.010235 0.030922
2819.918835 -0.355185 0.049040 -0.023369 -0.010195 0.030855
2819.931777 -0.354551 0.048931 -0.023501 -0.010156 0.030789
2819.944720 -0.353918 0.048821 -0.023632 -0.010116 0.030722
2819.957662 -0.353287 0.048711 -0.023763 -0.010076 0.030654
2819.970604 -0.352658 0.048601 -0.023893 -0.010037 0.030586
2819.983546 -0.352029 0.048489 -0.024023 -0.009997 0.030518
2819.996489 -0.351402 0.048378 -0.024152 -0.009958 0.030450
2820.009431 -0.350777 0.048266 -0.024280 -0.009918 0.030381
2820.022373 -0.350153 0.048153 -0.024409 -0.009879 0.030312
2820.035315 -0.349531 0.048040 -0.024536 -0.009839 0.030243
2820.048258 -0.348910 0.047926 -0.024663 -0.009799 0.030173
2820.061200 -0.348290 0.047812 -0.024790 -0.009760 0.030103
2820.074142 -0.347672 0.047697 -0.024916 -0.009720 0.030033
2820.087084 -0.347056 0.047582 -0.025041 -0.009681 0.029962
2820.100027 -0.346440 0.047466 -0.025166 -0.009641 0.029891
2820.112969 -0.345827 0.047350 -0.025291 -0.009602 0.029820
2820.125911 -0.345215 0.047233 -0.025415 -0.009562 0.029748
2820.138853 -0.344604 0.047116 -0.025538 -0.009523 0.029676
2820.151795 -0.343995 0.046998 -0.025661 -0.009483 0.029604
2820.164738 -0.343388 0.046880 -0.025784 -0.009444 0.029532
2820.177680 -0.342782 0.046762 -0.025906 -0.009404 0.029459
2820.190622 -0.342177 0.046643 -0.026027 -0.009365 0.029386
2820.203564 -0.341575 0.046523 -0.026148 -0.009325 0.029312
2820.216507 -0.340973 0.046403 -0.026269 -0.009286 0.029239
2820.229449 -0.340373 0.046283 -0.026389 -0.009247 0.029165
2820.242391 -0.339775 0.046162 -0.026508 -0.009207 0.029090
2820.255333 -0.339179 0.046041 -0.026627 -0.009168 0.029016
2820.268276 -0.338583 0.045919 -0.026745 -0.009129 0.028941
2820.281218 -0.337990 0.045797 -0.026863 -0.009089 0.028866
2820.294160 -0.337398 0.045674 -0.026981 -0.009050 0.028790
2820.307102 -0.336808 0.045551 -0.027098 -0.009011 0.028715
2820.320045 -0.336219 0.045428 -0.027214 -0.008972 0.028639
2820.332987 -0.335632 0.045304 -0.027330 -0.008932 0.028562
2820.345929 -0.335046 0.045179 -0.027445 -0.008893 0.028486
2820.358871 -0.334462 0.045055 -0.027560 -0.008854 0.028409
2820.371813 -0.333880 0.044929 -0.027674 -0.008815 0.028332
2820.384756 -0.333299 0.044804 -0.027788 -0.008776 0.028255
2820.397698 -0.332720 0.044678 -0.027901 -0.008737 0.028177
2820.410640 -0.332143 0.044551 -0.028014 -0.008698 0.028099
2820.423582 -0.331567 0.044425 -0.028127 -0.008659 0.028021
2820.436525 -0.330993 0.044297 -0.028238 -0.008620 0.027943
2820.449467 -0.330421 0.044170 -0.028350 -0.008581 0.027864
2820.462409 -0.329850 0.044042 -0.028461 -0.008543 0.027785
2820.475351 -0.329281 0.043913 -0.028571 -0.008504 0.027706
2820.488294 -0.328713 0.043785 -0.028681 -0.008465 0.027626
2820.501236 -0.328147 0.043655 -0.028790 -0.008427 0.027547
2820.514178 -0.327583 0.043526 -0.028899 -0.008388 0.027467
2820.527120 -0.327021 0.043396 -0.029007 -0.008349 0.027387
2820.540063 -0.326460 0.043266 -0.029115 -0.008311 0.027306
2820.553005 -0.325901 0.043135 -0.029222 -0.008272 0.027226
2820.565947 -0.325343 0.043004 -0.029329 -0.008234 0.027145
2820.578889 -0.324788 0.042873 -0.029435 -0.008195 0.027064
2820.591831 -0.324234 0.042741 -0.029541 -0.008157 0.026983
2820.604774 -0.323681 0.042609 -0.029647 -0.008119 0.026901
2820.617716 -0.323131 0.042476 -0.029751 -0.008080 0.026819
2820.630658 -0.322582 0.042343 -0.029856 -0.008042 0.026737
2820.643600 -0.322035 0.042210 -0.029959 -0.008004 0.026655
2820.656543 -0.321489 0.042077 -0.030063 -0.007966 0.026573
2820.669485 -0.320945 0.041943 -0.030166 -0.007928 0.026490
2820.682427 -0.320403 0.041809 -0.030268 -0.007890 0.026407
2820.695369 -0.319863 0.041674 -0.030370 -0.007852 0.026324
2820.708312 -0.319325 0.041539 -0.030471 -0.007814 0.026241
2820.721254 -0.318788 0.041404 -0.030572 -0.007776 0.026157
2820.734196 -0.318253 0.041269 -0.030673 -0.007739 0.026073
2820.747138 -0.317720 0.041133 -0.030772 -0.007701 0.025989
2820.760081 -0.317188 0.040996 -0.030872 -0.007663 0.025905
2820.773023 -0.316659 0.040860 -0.030971 -0.007626 0.025821
2820.785965 -0.316131 0.040723 -0.031069 -0.007588 0.025736
2820.798907 -0.315605 0.040586 -0.031167 -0.007550 0.025651
2820.811849 -0.315080 0.040449 -0.031265 -0.007513 0.025567
2820.824792 -0.314558 0.040311 -0.031362 -0.007476 0.025481
2820.837734 -0.314037 0.040173 -0.031458 -0.007438 0.025396
2820.850676 -0.313518 0.040034 -0.031554 -0.007401 0.025310
2820.863618 -0.313000 0.039896 -0.031650 -0.007364 0.025225
2820.876561 -0.312485 0.039757 -0.031745 -0.007327 0.025139
2820.889503 -0.311971 0.039617 -0.031839 -0.007290 0.025052
2820.902445 -0.311460 0.039478 -0.031934 -0.007253 0.024966
2820.915387 -0.310950 0.039338 -0.032027 -0.007216 0.024880
2820.928330 -0.310441 0.039198 -0.032120 -0.007179 0.024793
2820.941272 -0.309935 0.039057 -0.032213 -0.007142 0.024706
2820.954214 -0.309430 0.038917 -0.032305 -0.007105 0.024619
2820.967156 -0.308928 0.038776 -0.032397 -0.007069 0.024532
2820.980099 -0.308427 0.038634 -0.032488 -0.007032 0.024444
2820.993041 -0.307928 0.038493 -0.032579 -0.006995 0.024356
2821.005983 -0.307430 0.038351 -0.032669 -0.006959 0.024269
2821.018925 -0.306935 0.038209 -0.032759 -0.006922 0.024181
2821.031867 -0.306441 0.038066 -0.032848 -0.006886 0.024092
2821.044810 -0.305950 0.037924 -0.032937 -0.006850 0.024004
2821.057752 -0.305460 0.037781 -0.033026 -0.006814 0.023916
2821.070694 -0.304972 0.037638 -0.033114 -0.006777 0.023827
2821.083636 -0.304485 0.037494 -0.033201 -0.006741 0.023738
2821.096579 -0.304001 0.037351 -0.033288 -0.006705 0.023649
2821.109521 -0.303519 0.037207 -0.033375 -0.006669 0.023560
2821.122463 -0.303038 0.037063 -0.033461 -0.006633 0.023471
2821.135405 -0.302559 0.036918 -0.033546 -0.006598 0.023381
2821.148348 -0.302082 0.036773 -0.033632 -0.006562 0.023291
2821.161290 -0.301607 0.036628 -0.033716 -0.006526 0.023202
2821.174232 -0.301134 0.036483 -0.033801 -0.006490 0.023112
2821.187174 -0.300663 0.036338 -0.033884 -0.006455 0.023021
2821.200117 -0.300194 0.036192 -0.033968 -0.006419 0.022931
2821.213059 -0.299726 0.036046 -0.034050 -0.006384 0.022841
2821.226001 -0.299261 0.035900 -0.034133 -0.006349 0.022750
2821.238943 -0.298797 0.035754 -0.034215 -0.006313 0.022659
2821.251885 -0.298335 0.035607 -0.034296 -0.006278 0.022568
2821.264828 -0.297875 0.035460 -0.034377 -0.006243 0.022477
2821.277770 -0.297417 0.035313 -0.034458 -0.006208 0.022386
2821.290712 -0.296961 0.035166 -0.034538 -0.006173 0.022295
2821.303654 -0.296507 0.035019 -0.034618 -0.006138 0.022203
2821.316597 -0.296055 0.034871 -0.034697 -0.006103 0.022112
2821.329539 -0.295604 0.034723 -0.034776 -0.006069 0.022020
2821.342481 -0.295156 0.034575 -0.034854 -0.006034 0.021928
2821.355423 -0.294710 0.034426 -0.034932 -0.005999 0.021836
2821.368366 -0.294265 0.034278 -0.035009 -0.005965 0.021744
2821.381308 -0.293822 0.034129 -0.035086 -0.005930 0.021652
2821.394250 -0.293382 0.033980 -0.035163 -0.005896 0.021559
2821.407192 -0.292943 0.033831 -0.035239 -0.005861 0.021467
2821.420134 -0.292506 0.033682 -0.035314 -0.005827 0.021374
2821.433077 -0.292071 0.033532 -0.035390 -0.005793 0.021281
2821.446019 -0.291638 0.033382 -0.035464 -0.005759 0.021188
2821.458961 -0.291207 0.033232 -0.035539 -0.005725 0.021095
2821.471903 -0.290778 0.033082 -0.035613 -0.005691 0.021002
2821.484846 -0.290350 0.032932 -0.035686 -0.005657 0.020908
2821.497788 -0.289925 0.032781 -0.035759 -0.005623 0.020815
2821.510730 -0.289502 0.032630 -0.035832 -0.005589 0.020721
2821.523672 -0.289081 0.032479 -0.035904 -0.005556 0.020628
2821.536615 -0.288661 0.032328 -0.035975 -0.005522 0.020534
2821.549557 -0.288244 0.032177 -0.036047 -0.005489 0.020440
2821.562499 -0.287828 0.032025 -0.036117 -0.005455 0.020346
2821.575441 -0.287415 0.031874 -0.036188 -0.005422 0.020252
2821.588384 -0.287003 0.031722 -0.036258 -0.005388 0.020157
2821.601326 -0.286594 0.031570 -0.036327 -0.005355 0.020063
2821.614268 -0.286186 0.031417 -0.036396 -0.005322 0.019968
2821.627210 -0.285781 0.031265 -0.036465 -0.005289 0.019874
2821.640152 -0.285377 0.031112 -0.036533 -0.005256 0.019779
2821.653095 -0.284975 0.030960 -0.036601 -0.005223 0.019684
2821.666037 -0.284576 0.030807 -0.036668 -0.005190 0.019589
2821.678979 -0.284178 0.030654 -0.036735 -0.005157 0.019494
2821.691921 -0.283782 0.030500 -0.036802 -0.005125 0.019399
2821.704864 -0.283388 0.030347 -0.036868 -0.005092 0.019303
2821.717806 -0.282997 0.030193 -0.036934 -0.005059 0.019208
2821.730748 -0.282607 0.030040 -0.036999 -0.005027 0.019112
2821.743690 -0.282219 0.029886 -0.037064 -0.004994 0.019017
2821.756633 -0.281833 0.029732 -0.037128 -0.004962 0.018921
2821.769575 -0.281449 0.029578 -0.037192 -0.004930 0.018825
2821.782517 -0.281068 0.029423 -0.037256 -0.004898 0.018729
2821.795459 -0.280688 0.029269 -0.037319 -0.004866 0.018633
2821.808402 -0.280310 0.029114 -0.037382 -0.004834 0.018537
2821.821344 -0.279934 0.028959 -0.037444 -0.004802 0.018441
2821.834286 -0.279560 0.028804 -0.037506 -0.004770 0.018345
2821.847228 -0.279189 0.028649 -0.037568 -0.004738 0.018248
2821.860170 -0.278819 0.028494 -0.037629 -0.004706 0.018152
2821.873113 -0.278451 0.028338 -0.037690 -0.004674 0.018055
2821.886055 -0.278085 0.028183 -0.037750 -0.004643 0.017958
2821.898997 -0.277722 0.028027 -0.037810 -0.004611 0.017862
2821.911939 -0.277360 0.027871 -0.037869 -0.004580 0.017765
2821.924882 -0.277000 0.027715 -0.037928 -0.004548 0.017668
2821.937824 -0.276642 0.027559 -0.037987 -0.004517 0.017571
2821.950766 -0.276287 0.027403 -0.038045 -0.004486 0.017474
2821.963708 -0.275933 0.027247 -0.038103 -0.004455 0.017376
2821.976651 -0.275582 0.027090 -0.038160 -0.004424 0.017279
2821.989593 -0.275232 0.026933 -0.038218 -0.004393 0.017182
2822.002535 -0.274884 0.026777 -0.038274 -0.004362 0.017084
2822.015477 -0.274539 0.026620 -0.038330 -0.004331 0.016986
2822.028420 -0.274195 0.026463 -0.038386 -0.004300 0.016889
2822.041362 -0.273854 0.026305 -0.038442 -0.004269 0.016791
2822.054304 -0.273514 0.026148 -0.038497 -0.004239 0.016693
2822.067246 -0.273177 0.025991 -0.038551 -0.004208 0.016595
2822.080188 -0.272842 0.025833 -0.038606 -0.004177 0.016497
2822.093131 -0.272508 0.025676 -0.038660 -0.004147 0.016399
2822.106073 -0.272177 0.025518 -0.038713 -0.004117 0.016301
2822.119015 -0.271848 0.025360 -0.038766 -0.004086 0.016203
2822.131957 -0.271521 0.025202 -0.038819 -0.004056 0.016105
2822.144900 -0.271196 0.025044 -0.038871 -0.004026 0.016006
2822.157842 -0.270872 0.024885 -0.038923 -0.003996 0.015908
2822.170784 -0.270551 0.024727 -0.038975 -0.003966 0.015809
2822.183726 -0.270232 0.024569 -0.039026 -0.003936 0.015711
2822.196669 -0.269915 0.024410 -0.039076 -0.003906 0.015612
2822.209611 -0.269601 0.024251 -0.039127 -0.003876 0.015513
2822.222553 -0.269288 0.024093 -0.039177 -0.003846 0.015414
2822.235495 -0.268977 0.023934 -0.039226 -0.003817 0.015315
2822.248438 -0.268668 0.023775 -0.039276 -0.003787 0.015217
2822.261380 -0.268362 0.023615 -0.039324 -0.003758 0.015118
2822.274322 -0.268057 0.023456 -0.039373 -0.003728 0.015018
2822.287264 -0.267754 0.023297 -0.039421 -0.003699 0.014919
2822.300206 -0.267454 0.023137 -0.039469 -0.003669 0.014820
2822.313149 -0.267155 0.022978 -0.039516 -0.003640 0.014721
2822.326091 -0.266859 0.022818 -0.039563 -0.003611 0.014621
2822.339033 -0.266565 0.022659 -0.039609 -0.003582 0.014522
2822.351975 -0.266273 0.022499 -0.039655 -0.003553 0.014422
2822.364918 -0.265982 0.022339 -0.039701 -0.003524 0.014323
2822.377860 -0.265694 0.022179 -0.039747 -0.003495 0.014223
2822.390802 -0.265408 0.022019 -0.039792 -0.003466 0.014124
2822.403744 -0.265124 0.021858 -0.039836 -0.003437 0.014024
2822.416687 -0.264843 0.021698 -0.039881 -0.003409 0.013924
2822.429629 -0.264563 0.021538 -0.039925 -0.003380 0.013824
2822.442571 -0.264285 0.021377 -0.039968 -0.003351 0.013724
2822.455513 -0.264009 0.021217 -0.040011 -0.003323 0.013624
2822.468456 -0.263736 0.021056 -0.040054 -0.003294 0.013524
2822.481398 -0.263464 0.020895 -0.040097 -0.003266 0.013424
2822.494340 -0.263195 0.020734 -0.040139 -0.003238 0.013324
2822.507282 -0.262928 0.020573 -0.040180 -0.003209 0.013224
2822.520224 -0.262663 0.020412 -0.040222 -0.003181 0.013124
2822.533167 -0.262399 0.020251 -0.040263 -0.003153 0.013023
2822.546109 -0.262138 0.020090 -0.040303 -0.003125 0.012923
2822.559051 -0.261879 0.019929 -0.040344 -0.003097 0.012823
2822.571993 -0.261623 0.019767 -0.040384 -0.003069 0.012722
2822.584936 -0.261368 0.019606 -0.040423 -0.003041 0.012622
2822.597878 -0.261115 0.019444 -0.040462 -0.003013 0.012521
2822.610820 -0.260864 0.019283 -0.040501 -0.002985 0.012420
2822.623762 -0.260616 0.019121 -0.040540 -0.002957 0.012320
2822.636705 -0.260369 0.018959 -0.040578 -0.002930 0.012219
2822.649647 -0.260125 0.018797 -0.040615 -0.002902 0.012118
2822.662589 -0.259883 0.018636 -0.040653 -0.002875 0.012017
2822.675531 -0.259643 0.018474 -0.040690 -0.002847 0.011916
2822.688474 -0.259405 0.018312 -0.040726 -0.002820 0.011815
2822.701416 -0.259169 0.018149 -0.040763 -0.002792 0.011714
2822.714358 -0.258935 0.017987 -0.040799 -0.002765 0.011613
2822.727300 -0.258703 0.017825 -0.040834 -0.002738 0.011512
2822.740242 -0.258474 0.017663 -0.040870 -0.002710 0.011411
2822.753185 -0.258246 0.017500 -0.040905 -0.002683 0.011310
2822.766127 -0.258021 0.017338 -0.040939 -0.002656 0.011209
2822.779069 -0.257797 0.017175 -0.040973 -0.002629 0.011108
2822.792011 -0.257576 0.017013 -0.041007 -0.002602 0.011006
2822.804954 -0.257357 0.016850 -0.041041 -0.002575 0.010905
2822.817896 -0.257140 0.016687 -0.041074 -0.002548 0.010804
2822.830838 -0.256925 0.016524 -0.041107 -0.002521 0.010702
2822.843780 -0.256712 0.016361 -0.041139 -0.002495 0.010601
2822.856723 -0.256501 0.016199 -0.041171 -0.002468 0.010499
2822.869665 -0.256293 0.016036 -0.041203 -0.002441 0.010398
2822.882607 -0.256086 0.015872 -0.041234 -0.002415 0.010296
2822.895549 -0.255882 0.015709 -0.041265 -0.002388 0.010195
2822.908492 -0.255680 0.015546 -0.041296 -0.002361 0.010093
2822.921434 -0.255480 0.015383 -0.041327 -0.002335 0.009991
2822.934376 -0.255282 0.015220 -0.041357 -0.002308 0.009889
2822.947318 -0.255086 0.015056 -0.041386 -0.002282 0.009788
2822.960260 -0.254892 0.014893 -0.041416 -0.002256 0.009686
2822.973203 -0.254700 0.014729 -0.041445 -0.002229 0.009584
2822.986145 -0.254511 0.014566 -0.041473 -0.002203 0.009482
2822.999087 -0.254323 0.014402 -0.041502 -0.002177 0.009380
2823.012029 -0.254138 0.014239 -0.041530 -0.002151 0.009278
2823.024972 -0.253955 0.014075 -0.041557 -0.002125 0.009176
2823.037914 -0.253773 0.013911 -0.041585 -0.002099 0.009074
2823.050856 -0.253594 0.013747 -0.041612 -0.002073 0.008972
2823.063798 -0.253418 0.013584 -0.041638 -0.002047 0.008870
2823.076741 -0.253243 0.013420 -0.041665 -0.002021 0.008768
2823.089683 -0.253070 0.013256 -0.041691 -0.001995 0.008666
2823.102625 -0.252900 0.013092 -0.041716 -0.001969 0.008563
2823.115567 -0.252731 0.012928 -0.041742 -0.001943 0.008461
2823.128509 -0.252565 0.012764 -0.041767 -0.001917 0.008359
2823.141452 -0.252401 0.012599 -0.041791 -0.001891 0.008257
2823.154394 -0.252239 0.012435 -0.041816 -0.001866 0.008154
2823.167336 -0.252079 0.012271 -0.041840 -0.001840 0.008052
2823.180278 -0.251921 0.012107 -0.041863 -0.001814 0.007950
2823.193221 -0.251766 0.011942 -0.041887 -0.001789 0.007847
2823.206163 -0.251612 0.011778 -0.041910 -0.001763 0.007745
2823.219105 -0.251461 0.011614 -0.041932 -0.001738 0.007642
2823.232047 -0.251312 0.011449 -0.041954 -0.001712 0.007540
2823.244990 -0.251165 0.011285 -0.041976 -0.001687 0.007437
2823.257932 -0.251020 0.011120 -0.041998 -0.001661 0.007335
2823.270874 -0.250877 0.010955 -0.042019 -0.001636 0.007232
2823.283816 -0.250736 0.010791 -0.042041 -0.001611 0.007129
2823.296759 -0.250597 0.010626 -0.042061 -0.001585 0.007027
2823.309701 -0.250461 0.010461 -0.042082 -0.001560 0.006924
2823.322643 -0.250327 0.010297 -0.042102 -0.001535 0.006821
2823.335585 -0.250194 0.010132 -0.042121 -0.001510 0.006719
2823.348527 -0.250064 0.009967 -0.042141 -0.001484 0.006616
2823.361470 -0.249936 0.009802 -0.042160 -0.001459 0.006513
2823.374412 -0.249811 0.009637 -0.042178 -0.001434 0.006410
2823.387354 -0.249687 0.009472 -0.042197 -0.001409 0.006307
2823.400296 -0.249565 0.009307 -0.042215 -0.001384 0.006205
2823.413239 -0.249446 0.009142 -0.042233 -0.001359 0.006102
2823.426181 -0.249329 0.008977 -0.042250 -0.001334 0.005999
2823.439123 -0.249214 0.008812 -0.042267 -0.001309 0.005896
2823.452065 -0.249101 0.008647 -0.042284 -0.001284 0.005793
2823.465008 -0.248990 0.008482 -0.042300 -0.001259 0.005690
2823.477950 -0.248881 0.008317 -0.042317 -0.001234 0.005587
2823.490892 -0.248775 0.008151 -0.042332 -0.001209 0.005484
2823.503834 -0.248670 0.007986 -0.042348 -0.001184 0.005381
2823.516777 -0.248568 0.007821 -0.042363 -0.001160 0.005278
2823.529719 -0.248468 0.007656 -0.042378 -0.001135 0.005175
2823.542661 -0.248370 0.007490 -0.042392 -0.001110 0.005072
2823.555603 -0.248274 0.007325 -0.042407 -0.001085 0.004969
2823.568545 -0.248180 0.007160 -0.042420 -0.001060 0.004866
2823.581488 -0.248089 0.006994 -0.042434 -0.001036 0.004762
2823.594430 -0.247999 0.006829 -0.042447 -0.001011 0.004659
2823.607372 -0.247912 0.006663 -0.042460 -0.000986 0.004556
2823.620314 -0.247827 0.006498 -0.042473 -0.000962 0.004453
2823.633257 -0.247744 0.006332 -0.042485 -0.000937 0.004350
2823.646199 -0.247663 0.006167 -0.042497 -0.000912 0.004246
2823.659141 -0.247584 0.006001 -0.042509 -0.000888 0.004143
2823.672083 -0.247507 0.005835 -0.042520 -0.000863 0.004040
2823.685026 -0.247433 0.005670 -0.042531 -0.000839 0.003937
2823.697968 -0.247361 0.005504 -0.042542 -0.000814 0.003833
2823.710910 -0.247290 0.005338 -0.042552 -0.000790 0.003730
2823.723852 -0.247222 0.005173 -0.042562 -0.000765 0.003627
2823.736795 -0.247157 0.005007 -0.042572 -0.000740 0.003523
2823.749737 -0.247093 0.004841 -0.042581 -0.000716 0.003420
2823.762679 -0.247031 0.004675 -0.042590 -0.000691 0.003317
2823.775621 -0.246972 0.004510 -0.042599 -0.000667 0.003213
2823.788563 -0.246915 0.004344 -0.042608 -0.000643 0.003110
2823.801506 -0.246859 0.004178 -0.042616 -0.000618 0.003006
2823.814448 -0.246806 0.004012 -0.042624 -0.000594 0.002903
2823.827390 -0.246756 0.003846 -0.042631 -0.000569 0.002800
2823.840332 -0.246707 0.003680 -0.042638 -0.000545 0.002696
2823.853275 -0.246660 0.003514 -0.042645 -0.000520 0.002593
2823.866217 -0.246616 0.003349 -0.042652 -0.000496 0.002489
2823.879159 -0.246574 0.003183 -0.042658 -0.000472 0.002386
2823.892101 -0.246533 0.003017 -0.042664 -0.000447 0.002282
2823.905044 -0.246495 0.002851 -0.042670 -0.000423 0.002179
2823.917986 -0.246460 0.002685 -0.042675 -0.000399 0.002075
2823.930928 -0.246426 0.002519 -0.042680 -0.000374 0.001972
2823.943870 -0.246394 0.002353 -0.042685 -0.000350 0.001868
2823.956813 -0.246365 0.002187 -0.042689 -0.000326 0.001764
2823.969755 -0.246338 0.002021 -0.042693 -0.000301 0.001661
2823.982697 -0.246313 0.001854 -0.042697 -0.000277 0.001557
2823.995639 -0.246290 0.001688 -0.042700 -0.000253 0.001454
2824.008581 -0.246269 0.001522 -0.042703 -0.000228 0.001350
2824.021524 -0.246250 0.001356 -0.042706 -0.000204 0.001246
2824.034466 -0.246234 0.001190 -0.042709 -0.000180 0.001143
2824.047408 -0.246220 0.001024 -0.042711 -0.000155 0.001039
2824.060350 -0.246207 0.000858 -0.042713 -0.000131 0.000936
2824.073293 -0.246197 0.000692 -0.042714 -0.000107 0.000832
2824.086235 -0.246190 0.000526 -0.042716 -0.000082 0.000728
2824.099177 -0.246184 0.000359 -0.042716 -0.000058 0.000625
2824.112119 -0.246180 0.000193 -0.042717 -0.000034 0.000521
2824.125062 -0.246179 0.000027 -0.042717 -0.000010 0.000417
2824.138004 -0.246180 -0.000139 -0.042717 0.000015 0.000314
2824.150946 -0.246182 -0.000305 -0.042717 0.000039 0.000210
2824.163888 -0.246187 -0.000472 -0.042716 0.000063 0.000106
2824.176831 -0.246195 -0.000638 -0.042715 0.000088 0.000003
2824.189773 -0.246204 -0.000804 -0.042714 0.000112 -0.000101
2824.202715 -0.246215 -0.000970 -0.042712 0.000136 -0.000205
2824.215657 -0.246229 -0.001136 -0.042710 0.000161 -0.000308
2824.228599 -0.246245 -0.001303 -0.042708 0.000185 -0.000412
2824.241542 -0.246263 -0.001469 -0.042706 0.000209 -0.000516
2824.254484 -0.246283 -0.001635 -0.042703 0.000234 -0.000620
2824.267426 -0.246305 -0.001801 -0.042700 0.000258 -0.000723
2824.280368 -0.246330 -0.001968 -0.042696 0.000282 -0.000827
2824.293311 -0.246356 -0.002134 -0.042692 0.000307 -0.000931
2824.306253 -0.246385 -0.002300 -0.042688 0.000331 -0.001034
2824.319195 -0.246416 -0.002466 -0.042684 0.000355 -0.001138
2824.332137 -0.246449 -0.002633 -0.042679 0.000380 -0.001242
2824.345080 -0.246484 -0.002799 -0.042674 0.000404 -0.001346
2824.358022 -0.246521 -0.002965 -0.042669 0.000429 -0.001449
2824.370964 -0.246561 -0.003131 -0.042663 0.000453 -0.001553
2824.383906 -0.246602 -0.003298 -0.042657 0.000477 -0.001657
2824.396849 -0.246646 -0.003464 -0.042650 0.000502 -0.001761
2824.409791 -0.246692 -0.003630 -0.042644 0.000526 -0.001864
2824.422733 -0.246740 -0.003796 -0.042637 0.000551 -0.001968
2824.435675 -0.246790 -0.003963 -0.042630 0.000575 -0.002072
2824.448617 -0.246842 -0.004129 -0.042622 0.000600 -0.002175
2824.461560 -0.246897 -0.004295 -0.042614 0.000624 -0.002279
2824.474502 -0.246954 -0.004461 -0.042606 0.000649 -0.002383
2824.487444 -0.247012 -0.004627 -0.042597 0.000673 -0.002487
2824.500386 -0.247073 -0.004794 -0.042588 0.000698 -0.002590
2824.513329 -0.247136 -0.004960 -0.042579 0.000722 -0.002694
2824.526271 -0.247202 -0.005126 -0.042570 0.000747 -0.002798
2824.539213 -0.247269 -0.005292 -0.042560 0.000771 -0.002901
2824.552155 -0.247339 -0.005458 -0.042550 0.000796 -0.003005
2824.565098 -0.247410 -0.005625 -0.042539 0.000821 -0.003109
2824.578040 -0.247484 -0.005791 -0.042528 0.000845 -0.003213
2824.590982 -0.247560 -0.005957 -0.042517 0.000870 -0.003316
2824.603924 -0.247639 -0.006123 -0.042506 0.000895 -0.003420
2824.616866 -0.247719 -0.006289 -0.042494 0.000919 -0.003524
2824.629809 -0.247801 -0.006455 -0.042482 0.000944 -0.003627
2824.642751 -0.247886 -0.006621 -0.042470 0.000969 -0.003731
2824.655693 -0.247973 -0.006788 -0.042457 0.000993 -0.003835
2824.668635 -0.248062 -0.006954 -0.042444 0.001018 -0.003938
2824.681578 -0.248153 -0.007120 -0.042431 0.001043 -0.004042
2824.694520 -0.248246 -0.007286 -0.042417 0.001068 -0.004146
2824.707462 -0.248341 -0.007452 -0.042403 0.001093 -0.004249
2824.720404 -0.248439 -0.007618 -0.042389 0.001118 -0.004353
2824.733347 -0.248538 -0.007784 -0.042374 0.001143 -0.004456
2824.746289 -0.248640 -0.007950 -0.042359 0.001167 -0.004560
2824.759231 -0.248744 -0.008116 -0.042344 0.001192 -0.004664
2824.772173 -0.248850 -0.008282 -0.042328 0.001217 -0.004767
2824.785116 -0.248959 -0.008448 -0.042312 0.001242 -0.004871
2824.798058 -0.249069 -0.008614 -0.042296 0.001267 -0.004974
2824.811000 -0.249182 -0.008780 -0.042280 0.001292 -0.005078
2824.823942 -0.249296 -0.008945 -0.042263 0.001318 -0.005181
2824.836884 -0.249413 -0.009111 -0.042246 0.001343 -0.005285
2824.849827 -0.249532 -0.009277 -0.042228 0.001368 -0.005389
2824.862769 -0.249653 -0.009443 -0.042210 0.001393 -0.005492
2824.875711 -0.249777 -0.009609 -0.042192 0.001418 -0.005596
2824.888653 -0.249902 -0.009775 -0.042173 0.001443 -0.005699
2824.901596 -0.250030 -0.009940 -0.042155 0.001469 -0.005803
2824.914538 -0.250159 -0.010106 -0.042135 0.001494 -0.005906
2824.927480 -0.250291 -0.010272 -0.042116 0.001519 -0.006009
2824.940422 -0.250425 -0.010437 -0.042096 0.001545 -0.006113
2824.953365 -0.250561 -0.010603 -0.042076 0.001570 -0.006216
2824.966307 -0.250700 -0.010769 -0.042055 0.001595 -0.006320
2824.979249 -0.250840 -0.010934 -0.042035 0.001621 -0.006423
2824.992191 -0.250983 -0.011100 -0.042013 0.001646 -0.006526
2825.005134 -0.251127 -0.011266 -0.041992 0.001672 -0.006630
2825.018076 -0.251274 -0.011431 -0.041970 0.001698 -0.006733
2825.031018 -0.251423 -0.011597 -0.041948 0.001723 -0.006836
2825.043960 -0.251574 -0.011762 -0.041926 0.001749 -0.006940
2825.056902 -0.251728 -0.011927 -0.041903 0.001775 -0.007043
2825.069845 -0.251883 -0.012093 -0.041880 0.001800 -0.007146
2825.082787 -0.252041 -0.012258 -0.041856 0.001826 -0.007250
2825.095729 -0.252200 -0.012424 -0.041832 0.001852 -0.007353
2825.108671 -0.252362 -0.012589 -0.041808 0.001878 -0.007456
2825.121614 -0.252526 -0.012754 -0.041784 0.001904 -0.007559
2825.134556 -0.252692 -0.012919 -0.041759 0.001930 -0.007662
2825.147498 -0.252861 -0.013085 -0.041734 0.001956 -0.007766
2825.160440 -0.253031 -0.013250 -0.041708 0.001982 -0.007869
2825.173383 -0.253204 -0.013415 -0.041683 0.002008 -0.007972
2825.186325 -0.253378 -0.013580 -0.041656 0.002034 -0.008075
2825.199267 -0.253555 -0.013745 -0.041630 0.002060 -0.008178
2825.212209 -0.253734 -0.013910 -0.041603 0.002086 -0.008281
2825.225152 -0.253915 -0.014075 -0.041576 0.002112 -0.008384
2825.238094 -0.254098 -0.014240 -0.041548 0.002139 -0.008487
2825.251036 -0.254284 -0.014405 -0.041521 0.002165 -0.008590
2825.263978 -0.254471 -0.014570 -0.041492 0.002191 -0.008693
2825.276920 -0.254661 -0.014734 -0.041464 0.002218 -0.008796
2825.289863 -0.254853 -0.014899 -0.041435 0.002244 -0.008899
2825.302805 -0.255047 -0.015064 -0.041406 0.002271 -0.009002
2825.315747 -0.255243 -0.015229 -0.041376 0.002297 -0.009105
2825.328689 -0.255441 -0.015393 -0.041346 0.002324 -0.009207
2825.341632 -0.255641 -0.015558 -0.041316 0.002351 -0.009310
2825.354574 -0.255843 -0.015722 -0.041285 0.002377 -0.009413
2825.367516 -0.256048 -0.015887 -0.041255 0.002404 -0.009516
2825.380458 -0.256255 -0.016051 -0.041223 0.002431 -0.009618
2825.393401 -0.256464 -0.016216 -0.041192 0.002458 -0.009721
2825.406343 -0.256674 -0.016380 -0.041160 0.002485 -0.009824
2825.419285 -0.256888 -0.016544 -0.041127 0.002512 -0.009926
2825.432227 -0.257103 -0.016709 -0.041095 0.002539 -0.010029
2825.445170 -0.257320 -0.016873 -0.041062 0.002566 -0.010132
2825.458112 -0.257539 -0.017037 -0.041028 0.002593 -0.010234
2825.471054 -0.257761 -0.017201 -0.040994 0.002620 -0.010337
2825.483996 -0.257985 -0.017365 -0.040960 0.002647 -0.010439
2825.496938 -0.258210 -0.017529 -0.040926 0.002675 -0.010541
2825.509881 -0.258438 -0.017693 -0.040891 0.002702 -0.010644
2825.522823 -0.258668 -0.017857 -0.040856 0.002730 -0.010746
2825.535765 -0.258901 -0.018020 -0.040820 0.002757 -0.010849
2825.548707 -0.259135 -0.018184 -0.040785 0.002785 -0.010951
2825.561650 -0.259371 -0.018348 -0.040748 0.002812 -0.011053
2825.574592 -0.259610 -0.018511 -0.040712 0.002840 -0.011155
2825.587534 -0.259850 -0.018675 -0.040675 0.002868 -0.011257
2825.600476 -0.260093 -0.018838 -0.040638 0.002895 -0.011360
2825.613419 -0.260338 -0.019002 -0.040600 0.002923 -0.011462
2825.626361 -0.260585 -0.019165 -0.040562 0.002951 -0.011564
2825.639303 -0.260834 -0.019328 -0.040524 0.002979 -0.011666
2825.652245 -0.261085 -0.019492 -0.040485 0.003007 -0.011768
2825.665188 -0.261339 -0.019655 -0.040446 0.003035 -0.011870
2825.678130 -0.261594 -0.019818 -0.040406 0.003063 -0.011972
2825.691072 -0.261852 -0.019981 -0.040366 0.003092 -0.012074
2825.704014 -0.262111 -0.020144 -0.040326 0.003120 -0.012175
2825.716956 -0.262373 -0.020307 -0.040286 0.003148 -0.012277
2825.729899 -0.262637 -0.020469 -0.040245 0.003177 -0.012379
2825.742841 -0.262903 -0.020632 -0.040203 0.003205 -0.012481
2825.755783 -0.263171 -0.020795 -0.040162 0.003234 -0.012582
2825.768725 -0.263441 -0.020957 -0.040120 0.003262 -0.012684
2825.781668 -0.263713 -0.021120 -0.040077 0.003291 -0.012785
2825.794610 -0.263988 -0.021282 -0.040035 0.003320 -0.012887
2825.807552 -0.264264 -0.021444 -0.039991 0.003348 -0.012988
2825.820494 -0.264543 -0.021607 -0.039948 0.003377 -0.013090
2825.833437 -0.264824 -0.021769 -0.039904 0.003406 -0.013191
2825.846379 -0.265106 -0.021931 -0.039860 0.003435 -0.013292
2825.859321 -0.265391 -0.022093 -0.039815 0.003464 -0.013394
2825.872263 -0.265678 -0.022255 -0.039770 0.003493 -0.013495
2825.885206 -0.265967 -0.022416 -0.039725 0.003523 -0.013596
2825.898148 -0.266258 -0.022578 -0.039679 0.003552 -0.013697
2825.911090 -0.266552 -0.022740 -0.039633 0.003581 -0.013798
2825.924032 -0.266847 -0.022901 -0.039586 0.003611 -0.013899
2825.936974 -0.267144 -0.023063 -0.039539 0.003640 -0.014000
2825.949917 -0.267444 -0.023224 -0.039492 0.003670 -0.014101
2825.962859 -0.267746 -0.023385 -0.039444 0.003699 -0.014202
2825.975801 -0.268049 -0.023547 -0.039396 0.003729 -0.014303
2825.988743 -0.268355 -0.023708 -0.039348 0.003759 -0.014403
2826.001686 -0.268663 -0.023869 -0.039299 0.003788 -0.014504
2826.014628 -0.268973 -0.024029 -0.039250 0.003818 -0.014605
2826.027570 -0.269285 -0.024190 -0.039200 0.003848 -0.014705
2826.040512 -0.269599 -0.024351 -0.039150 0.003878 -0.014806
2826.053455 -0.269915 -0.024511 -0.039100 0.003908 -0.014906
2826.066397 -0.270234 -0.024672 -0.039049 0.003939 -0.015006
2826.079339 -0.270554 -0.024832 -0.038998 0.003969 -0.015107
2826.092281 -0.270876 -0.024993 -0.038946 0.003999 -0.015207
2826.105224 -0.271201 -0.025153 -0.038894 0.004030 -0.015307
2826.118166 -0.271527 -0.025313 -0.038842 0.004060 -0.015407
2826.131108 -0.271856 -0.025473 -0.038789 0.004091 -0.015507
2826.144050 -0.272187 -0.025632 -0.038736 0.004121 -0.015607
2826.156992 -0.272520 -0.025792 -0.038682 0.004152 -0.015707
2826.169935 -0.272854 -0.025952 -0.038628 0.004183 -0.015807
2826.182877 -0.273191 -0.026111 -0.038574 0.004214 -0.015907
2826.195819 -0.273530 -0.026271 -0.038519 0.004244 -0.016006
2826.208761 -0.273871 -0.026430 -0.038464 0.004275 -0.016106
2826.221704 -0.274214 -0.026589 -0.038409 0.004307 -0.016206
2826.234646 -0.274560 -0.026748 -0.038353 0.004338 -0.016305
2826.247588 -0.274907 -0.026907 -0.038296 0.004369 -0.016405
2826.260530 -0.275256 -0.027066 -0.038240 0.004400 -0.016504
2826.273473 -0.275607 -0.027224 -0.038183 0.004432 -0.016603
2826.286415 -0.275961 -0.027383 -0.038125 0.004463 -0.016702
2826.299357 -0.276316 -0.027541 -0.038067 0.004494 -0.016801
2826.312299 -0.276674 -0.027699 -0.038009 0.004526 -0.016900
2826.325241 -0.277033 -0.027857 -0.037950 0.004558 -0.016999
2826.338184 -0.277395 -0.028015 -0.037891 0.004589 -0.017098
2826.351126 -0.277758 -0.028173 -0.037831 0.004621 -0.017197
2826.364068 -0.278124 -0.028331 -0.037771 0.004653 -0.017296
2826.377010 -0.278492 -0.028488 -0.037711 0.004685 -0.017394
2826.389953 -0.278861 -0.028646 -0.037650 0.004717 -0.017493
2826.402895 -0.279233 -0.028803 -0.037589 0.004749 -0.017591
2826.415837 -0.279607 -0.028960 -0.037527 0.004781 -0.017690
2826.428779 -0.279983 -0.029117 -0.037465 0.004814 -0.017788
2826.441722 -0.280361 -0.029274 -0.037402 0.004846 -0.017886
2826.454664 -0.280740 -0.029431 -0.037339 0.004879 -0.017984
2826.467606 -0.281122 -0.029587 -0.037276 0.004911 -0.018082
2826.480548 -0.281506 -0.029744 -0.037212 0.004944 -0.018180
2826.493491 -0.281892 -0.029900 -0.037148 0.004976 -0.018278
2826.506433 -0.282280 -0.030056 -0.037083 0.005009 -0.018376
2826.519375 -0.282670 -0.030212 -0.037018 0.005042 -0.018474
2826.532317 -0.283062 -0.030368 -0.036953 0.005075 -0.018571
2826.545259 -0.283456 -0.030524 -0.036887 0.005108 -0.018669
2826.558202 -0.283852 -0.030679 -0.036821 0.005141 -0.018766
2826.571144 -0.284250 -0.030834 -0.036754 0.005174 -0.018863
2826.584086 -0.284650 -0.030989 -0.036687 0.005207 -0.018961
2826.597028 -0.285053 -0.031144 -0.036619 0.005240 -0.019058
2826.609971 -0.285457 -0.031299 -0.036551 0.005274 -0.019155
2826.622913 -0.285863 -0.031454 -0.036483 0.005307 -0.019252
2826.635855 -0.286271 -0.031608 -0.036414 0.005341 -0.019348
2826.648797 -0.286681 -0.031763 -0.036344 0.005374 -0.019445
2826.661740 -0.287093 -0.031917 -0.036275 0.005408 -0.019542
2826.674682 -0.287507 -0.032071 -0.036204 0.005441 -0.019638
2826.687624 -0.287923 -0.032224 -0.036134 0.005475 -0.019734
2826.700566 -0.288341 -0.032378 -0.036063 0.005509 -0.019831
2826.713509 -0.288761 -0.032531 -0.035991 0.005543 -0.019927
2826.726451 -0.289183 -0.032685 -0.035919 0.005577 -0.020023
2826.739393 -0.289607 -0.032838 -0.035847 0.005611 -0.020119
2826.752335 -0.290033 -0.032991 -0.035774 0.005645 -0.020214
2826.765277 -0.290461 -0.033143 -0.035701 0.005680 -0.020310
2826.778220 -0.290891 -0.033296 -0.035627 0.005714 -0.020406
2826.791162 -0.291323 -0.033448 -0.035553 0.005748 -0.020501
2826.804104 -0.291757 -0.033600 -0.035478 0.005783 -0.020597
2826.817046 -0.292193 -0.033752 -0.035403 0.005817 -0.020692
2826.829989 -0.292630 -0.033903 -0.035328 0.005852 -0.020787
2826.842931 -0.293070 -0.034055 -0.035252 0.005887 -0.020882
2826.855873 -0.293512 -0.034206 -0.035175 0.005922 -0.020977
2826.868815 -0.293956 -0.034357 -0.035098 0.005956 -0.021071
2826.881758 -0.294401 -0.034508 -0.035021 0.005991 -0.021166
2826.894700 -0.294849 -0.034659 -0.034943 0.006026 -0.021260
2826.907642 -0.295298 -0.034809 -0.034865 0.006062 -0.021355
2826.920584 -0.295750 -0.034959 -0.034786 0.006097 -0.021449
2826.933527 -0.296203 -0.035109 -0.034707 0.006132 -0.021543
2826.946469 -0.296659 -0.035259 -0.034628 0.006167 -0.021637
2826.959411 -0.297116 -0.035409 -0.034548 0.006203 -0.021731
2826.972353 -0.297575 -0.035558 -0.034467 0.006238 -0.021825
2826.985295 -0.298036 -0.035707 -0.034386 0.006274 -0.021918
2826.998238 -0.298499 -0.035856 -0.034305 0.006309 -0.022012
2827.011180 -0.298964 -0.036004 -0.034223 0.006345 -0.022105
2827.024122 -0.299431 -0.036153 -0.034141 0.006381 -0.022198
2827.037064 -0.299900 -0.036301 -0.034058 0.006416 -0.022291
2827.050007 -0.300371 -0.036449 -0.033974 0.006452 -0.022384
2827.062949 -0.300844 -0.036597 -0.033891 0.006488 -0.022476
2827.075891 -0.301318 -0.036744 -0.033806 0.006524 -0.022569
2827.088833 -0.301795 -0.036891 -0.033722 0.006560 -0.022661
2827.101776 -0.302273 -0.037038 -0.033637 0.006597 -0.022754
2827.114718 -0.302754 -0.037185 -0.033551 0.006633 -0.022846
2827.127660 -0.303236 -0.037331 -0.033465 0.006669 -0.022938
2827.140602 -0.303720 -0.037477 -0.033378 0.006706 -0.023030
2827.153545 -0.304206 -0.037623 -0.033291 0.006742 -0.023121
2827.166487 -0.304694 -0.037769 -0.033204 0.006779 -0.023213
2827.179429 -0.305183 -0.037914 -0.033116 0.006815 -0.023304
2827.192371 -0.305675 -0.038060 -0.033028 0.006852 -0.023395
2827.205313 -0.306169 -0.038204 -0.032939 0.006889 -0.023486
2827.218256 -0.306664 -0.038349 -0.032849 0.006925 -0.023577
2827.231198 -0.307161 -0.038493 -0.032759 0.006962 -0.023668
2827.244140 -0.307660 -0.038637 -0.032669 0.006999 -0.023758
2827.257082 -0.308161 -0.038781 -0.032578 0.007036 -0.023849
2827.270025 -0.308664 -0.038925 -0.032487 0.007073 -0.023939
2827.282967 -0.309169 -0.039068 -0.032395 0.007110 -0.024029
2827.295909 -0.309675 -0.039211 -0.032303 0.007148 -0.024119
2827.308851 -0.310184 -0.039354 -0.032210 0.007185 -0.024208
2827.321794 -0.310694 -0.039496 -0.032117 0.007222 -0.024298
2827.334736 -0.311206 -0.039638 -0.032023 0.007260 -0.024387
2827.347678 -0.311720 -0.039780 -0.031929 0.007297 -0.024476
2827.360620 -0.312236 -0.039921 -0.031834 0.007335 -0.024565
2827.373563 -0.312753 -0.040062 -0.031739 0.007372 -0.024654
2827.386505 -0.313273 -0.040203 -0.031643 0.007410 -0.024743
2827.399447 -0.313794 -0.040344 -0.031547 0.007448 -0.024831
2827.412389 -0.314317 -0.040484 -0.031451 0.007485 -0.024919
2827.425331 -0.314842 -0.040624 -0.031354 0.007523 -0.025007
2827.438274 -0.315369 -0.040764 -0.031256 0.007561 -0.025095
2827.451216 -0.315897 -0.040903 -0.031158 0.007599 -0.025183
2827.464158 -0.316427 -0.041042 -0.031059 0.007637 -0.025270
2827.477100 -0.316959 -0.041180 -0.030960 0.007675 -0.025358
2827.490043 -0.317493 -0.041319 -0.030861 0.007713 -0.025445
2827.502985 -0.318029 -0.041457 -0.030760 0.007752 -0.025532
2827.515927 -0.318566 -0.041594 -0.030660 0.007790 -0.025618
2827.528869 -0.319106 -0.041732 -0.030559 0.007828 -0.025705
2827.541812 -0.319647 -0.041869 -0.030457 0.007867 -0.025791
2827.554754 -0.320189 -0.042005 -0.030355 0.007905 -0.025877
2827.567696 -0.320734 -0.042142 -0.030253 0.007943 -0.025963
2827.580638 -0.321280 -0.042278 -0.030150 0.007982 -0.026049
2827.593581 -0.321828 -0.042413 -0.030046 0.008021 -0.026134
2827.606523 -0.322378 -0.042549 -0.029942 0.008059 -0.026219
2827.619465 -0.322930 -0.042683 -0.029837 0.008098 -0.026304
2827.632407 -0.323483 -0.042818 -0.029732 0.008137 -0.026389
2827.645349 -0.324038 -0.042952 -0.029627 0.008176 -0.026474
2827.658292 -0.324595 -0.043086 -0.029521 0.008214 -0.026558
2827.671234 -0.325153 -0.043219 -0.029414 0.008253 -0.026642
2827.684176 -0.325713 -0.043352 -0.029307 0.008292 -0.026726
2827.697118 -0.326275 -0.043485 -0.029200 0.008331 -0.026810
2827.710061 -0.326839 -0.043617 -0.029091 0.008370 -0.026893
2827.723003 -0.327404 -0.043749 -0.028983 0.008409 -0.026976
2827.735945 -0.327971 -0.043881 -0.028874 0.008449 -0.027059
2827.748887 -0.328540 -0.044012 -0.028764 0.008488 -0.027142
2827.761830 -0.329111 -0.044143 -0.028654 0.008527 -0.027224
2827.774772 -0.329683 -0.044273 -0.028543 0.008566 -0.027307
2827.787714 -0.330257 -0.044403 -0.028432 0.008605 -0.027389
2827.800656 -0.330832 -0.044532 -0.028321 0.008645 -0.027471
2827.813599 -0.331409 -0.044662 -0.028209 0.008684 -0.027552
2827.826541 -0.331988 -0.044790 -0.028096 0.008724 -0.027633
2827.839483 -0.332569 -0.044919 -0.027983 0.008763 -0.027714
2827.852425 -0.333151 -0.045047 -0.027869 0.008803 -0.027795
2827.865367 -0.333735 -0.045174 -0.027755 0.008842 -0.027876
2827.878310 -0.334320 -0.045301 -0.027640 0.008882 -0.027956
2827.891252 -0.334907 -0.045428 -0.027525 0.008921 -0.028036
2827.904194 -0.335496 -0.045554 -0.027409 0.008961 -0.028116
2827.917136 -0.336086 -0.045680 -0.027293 0.009001 -0.028195
2827.930079 -0.336678 -0.045805 -0.027176 0.009040 -0.028274
2827.943021 -0.337272 -0.045930 -0.027059 0.009080 -0.028353
2827.955963 -0.337867 -0.046054 -0.026941 0.009120 -0.028432
2827.968905 -0.338464 -0.046178 -0.026823 0.009160 -0.028510
2827.981848 -0.339063 -0.046302 -0.026704 0.009200 -0.028589
2827.994790 -0.339663 -0.046425 -0.026585 0.009239 -0.028666
2828.007732 -0.340264 -0.046548 -0.026465 0.009279 -0.028744
2828.020674 -0.340867 -0.046670 -0.026345 0.009319 -0.028821
2828.033616 -0.341472 -0.046791 -0.026224 0.009359 -0.028898
2828.046559 -0.342079 -0.046913 -0.026102 0.009399 -0.028975
2828.059501 -0.342687 -0.047033 -0.025981 0.009439 -0.029052
2828.072443 -0.343296 -0.047154 -0.025858 0.009479 -0.029128
2828.085385 -0.343907 -0.047273 -0.025735 0.009519 -0.029204
2828.098328 -0.344520 -0.047393 -0.025612 0.009559 -0.029279
2828.111270 -0.345134 -0.047512 -0.025488 0.009599 -0.029354
2828.124212 -0.345750 -0.047630 -0.025363 0.009639 -0.029429
2828.137154 -0.346367 -0.047748 -0.025238 0.009679 -0.029504
2828.150097 -0.346985 -0.047865 -0.025113 0.009719 -0.029579
2828.163039 -0.347606 -0.047982 -0.024987 0.009759 -0.029653
2828.175981 -0.348227 -0.048098 -0.024860 0.009799 -0.029726
2828.188923 -0.348851 -0.048214 -0.024733 0.009839 -0.029800
2828.201866 -0.349475 -0.048329 -0.024605 0.009880 -0.029873
2828.214808 -0.350102 -0.048444 -0.024477 0.009920 -0.029946
2828.227750 -0.350729 -0.048558 -0.024349 0.009960 -0.030018
2828.240692 -0.351359 -0.048672 -0.024219 0.010000 -0.030090
2828.253634 -0.351989 -0.048785 -0.024090 0.010040 -0.030162
2828.266577 -0.352621 -0.048898 -0.023960 0.010080 -0.030234
2828.279519 -0.353255 -0.049010 -0.023829 0.010120 -0.030305
2828.292461 -0.353890 -0.049121 -0.023698 0.010160 -0.030376
2828.305403 -0.354526 -0.049232 -0.023566 0.010200 -0.030446
2828.318346 -0.355164 -0.049343 -0.023434 0.010240 -0.030517
2828.331288 -0.355804 -0.049453 -0.023301 0.010281 -0.030587
2828.344230 -0.356444 -0.049562 -0.023167 0.010321 -0.030656
2828.357172 -0.357086 -0.049671 -0.023034 0.010361 -0.030725
2828.370115 -0.357730 -0.049779 -0.022899 0.010401 -0.030794
2828.383057 -0.358375 -0.049887 -0.022764 0.010441 -0.030863
2828.395999 -0.359021 -0.049994 -0.022629 0.010481 -0.030931
2828.408941 -0.359669 -0.050100 -0.022493 0.010521 -0.030999
2828.421884 -0.360318 -0.050206 -0.022357 0.010561 -0.031066
2828.434826 -0.360969 -0.050311 -0.022220 0.010601 -0.031133
2828.447768 -0.361620 -0.050416 -0.022082 0.010640 -0.031200
2828.460710 -0.362274 -0.050520 -0.021944 0.010680 -0.031266
2828.473652 -0.362928 -0.050623 -0.021806 0.010720 -0.031332
2828.486595 -0.363584 -0.050726 -0.021667 0.010760 -0.031398
2828.499537 -0.364241 -0.050828 -0.021527 0.010800 -0.031463
2828.512479 -0.364900 -0.050930 -0.021387 0.010840 -0.031528
2828.525421 -0.365559 -0.051031 -0.021247 0.010879 -0.031592
2828.538364 -0.366220 -0.051132 -0.021106 0.010919 -0.031656
2828.551306 -0.366883 -0.051231 -0.020964 0.010959 -0.031720
2828.564248 -0.367547 -0.051330 -0.020822 0.010998 -0.031784
2828.577190 -0.368212 -0.051429 -0.020679 0.011038 -0.031847
2828.590133 -0.368878 -0.051527 -0.020536 0.011077 -0.031909
2828.603075 -0.369545 -0.051624 -0.020393 0.011117 -0.031971
2828.616017 -0.370214 -0.051720 -0.020249 0.011156 -0.032033
2828.628959 -0.370884 -0.051816 -0.020104 0.011196 -0.032094
2828.641902 -0.371555 -0.051912 -0.019959 0.011235 -0.032155
2828.654844 -0.372228 -0.052006 -0.019813 0.011274 -0.032216
2828.667786 -0.372901 -0.052100 -0.019667 0.011313 -0.032276
2828.680728 -0.373576 -0.052193 -0.019520 0.011353 -0.032336
2828.693670 -0.374252 -0.052286 -0.019373 0.011392 -0.032395
2828.706613 -0.374930 -0.052378 -0.019225 0.011431 -0.032454
2828.719555 -0.375608 -0.052469 -0.019077 0.011470 -0.032513
2828.732497 -0.376288 -0.052559 -0.018929 0.011509 -0.032571
2828.745439 -0.376969 -0.052649 -0.018779 0.011547 -0.032628
2828.758382 -0.377651 -0.052738 -0.018630 0.011586 -0.032686
2828.771324 -0.378334 -0.052826 -0.018479 0.011625 -0.032742
2828.784266 -0.379018 -0.052914 -0.018329 0.011663 -0.032799
2828.797208 -0.379703 -0.053001 -0.018178 0.011702 -0.032855
2828.810151 -0.380390 -0.053087 -0.018026 0.011740 -0.032910
2828.823093 -0.381078 -0.053173 -0.017874 0.011779 -0.032965
2828.836035 -0.381766 -0.053257 -0.017721 0.011817 -0.033020
2828.848977 -0.382456 -0.053341 -0.017568 0.011855 -0.033074
2828.861920 -0.383147 -0.053425 -0.017414 0.011893 -0.033128
2828.874862 -0.383839 -0.053507 -0.017260 0.011931 -0.033181
2828.887804 -0.384532 -0.053589 -0.017105 0.011969 -0.033234
2828.900746 -0.385226 -0.053670 -0.016950 0.012007 -0.033286
2828.913688 -0.385921 -0.053750 -0.016795 0.012045 -0.033338
2828.926631 -0.386617 -0.053830 -0.016638 0.012082 -0.033389
2828.939573 -0.387314 -0.053908 -0.016482 0.012120 -0.033440
2828.952515 -0.388013 -0.053986 -0.016325 0.012157 -0.033491
2828.965457 -0.388712 -0.054063 -0.016167 0.012195 -0.033541
2828.978400 -0.389412 -0.054140 -0.016009 0.012232 -0.033590
2828.991342 -0.390113 -0.054215 -0.015850 0.012269 -0.033639
2829.004284 -0.390815 -0.054290 -0.015691 0.012306 -0.033688
2829.017226 -0.391519 -0.054364 -0.015532 0.012343 -0.033736
2829.030169 -0.392223 -0.054437 -0.015372 0.012380 -0.033783
2829.043111 -0.392928 -0.054510 -0.015211 0.012416 -0.033830
2829.056053 -0.393634 -0.054581 -0.015051 0.012453 -0.033877
2829.068995 -0.394340 -0.054652 -0.014889 0.012489 -0.033923
2829.081938 -0.395048 -0.054722 -0.014727 0.012525 -0.033969
2829.094880 -0.395757 -0.054791 -0.014565 0.012561 -0.034014
2829.107822 -0.396466 -0.054859 -0.014402 0.012597 -0.034058
2829.120764 -0.397177 -0.054927 -0.014239 0.012633 -0.034102
2829.133706 -0.397888 -0.054993 -0.014075 0.012669 -0.034146
2829.146649 -0.398600 -0.055059 -0.013911 0.012704 -0.034189
2829.159591 -0.399313 -0.055124 -0.013746 0.012740 -0.034231
2829.172533 -0.400027 -0.055188 -0.013581 0.012775 -0.034273
2829.185475 -0.400742 -0.055251 -0.013416 0.012810 -0.034315
2829.198418 -0.401457 -0.055313 -0.013250 0.012845 -0.034356
2829.211360 -0.402174 -0.055374 -0.013083 0.012880 -0.034396
2829.224302 -0.402891 -0.055435 -0.012916 0.012915 -0.034436
2829.237244 -0.403608 -0.055495 -0.012749 0.012949 -0.034475
2829.250187 -0.404327 -0.055553 -0.012581 0.012983 -0.034514
2829.263129 -0.405046 -0.055611 -0.012413 0.013017 -0.034552
2829.276071 -0.405767 -0.055668 -0.012244 0.013051 -0.034590
2829.289013 -0.406487 -0.055724 -0.012075 0.013085 -0.034627
2829.301956 -0.407209 -0.055779 -0.011905 0.013119 -0.034663
2829.314898 -0.407931 -0.055833 -0.011735 0.013152 -0.034699
2829.327840 -0.408654 -0.055887 -0.011565 0.013186 -0.034735
2829.340782 -0.409378 -0.055939 -0.011394 0.013219 -0.034770
2829.353724 -0.410102 -0.055991 -0.011223 0.013252 -0.034804
2829.366667 -0.410827 -0.056041 -0.011051 0.013284 -0.034838
2829.379609 -0.411553 -0.056091 -0.010879 0.013317 -0.034871
2829.392551 -0.412279 -0.056139 -0.010706 0.013349 -0.034903
2829.405493 -0.413006 -0.056187 -0.010533 0.013381 -0.034935
2829.418436 -0.413733 -0.056234 -0.010360 0.013413 -0.034967
2829.431378 -0.414461 -0.056279 -0.010186 0.013445 -0.034997
2829.444320 -0.415190 -0.056324 -0.010012 0.013477 -0.035028
2829.457262 -0.415919 -0.056368 -0.009837 0.013508 -0.035057
2829.470205 -0.416649 -0.056411 -0.009662 0.013539 -0.035086
2829.483147 -0.417379 -0.056453 -0.009487 0.013570 -0.035115
2829.496089 -0.418110 -0.056493 -0.009311 0.013601 -0.035143
2829.509031 -0.418842 -0.056533 -0.009135 0.013631 -0.035170
2829.521973 -0.419574 -0.056572 -0.008958 0.013662 -0.035196
2829.534916 -0.420306 -0.056610 -0.008781 0.013692 -0.035222
2829.547858 -0.421039 -0.056647 -0.008604 0.013721 -0.035248
2829.560800 -0.421772 -0.056683 -0.008426 0.013751 -0.035273
2829.573742 -0.422506 -0.056717 -0.008248 0.013780 -0.035297
2829.586685 -0.423240 -0.056751 -0.008069 0.013809 -0.035320
2829.599627 -0.423975 -0.056784 -0.007890 0.013838 -0.035343
2829.612569 -0.424710 -0.056816 -0.007711 0.013867 -0.035365
2829.625511 -0.425446 -0.056846 -0.007532 0.013895 -0.035387
2829.638454 -0.426182 -0.056876 -0.007351 0.013924 -0.035408
2829.651396 -0.426918 -0.056905 -0.007171 0.013951 -0.035428
2829.664338 -0.427655 -0.056932 -0.006990 0.013979 -0.035448
2829.677280 -0.428392 -0.056959 -0.006809 0.014006 -0.035467
2829.690223 -0.429129 -0.056984 -0.006628 0.014034 -0.035485
2829.703165 -0.429867 -0.057009 -0.006446 0.014060 -0.035503
2829.716107 -0.430605 -0.057032 -0.006264 0.014087 -0.035520
2829.729049 -0.431343 -0.057054 -0.006081 0.014113 -0.035537
2829.741991 -0.432081 -0.057075 -0.005899 0.014139 -0.035552
2829.754934 -0.432820 -0.057095 -0.005715 0.014165 -0.035567
2829.767876 -0.433559 -0.057114 -0.005532 0.014191 -0.035582
2829.780818 -0.434299 -0.057132 -0.005348 0.014216 -0.035596
2829.793760 -0.435038 -0.057149 -0.005164 0.014241 -0.035609
2829.806703 -0.435778 -0.057164 -0.004979 0.014266 -0.035621
2829.819645 -0.436518 -0.057179 -0.004795 0.014290 -0.035633
2829.832587 -0.437258 -0.057192 -0.004610 0.014314 -0.035644
2829.845529 -0.437998 -0.057205 -0.004424 0.014338 -0.035654
2829.858472 -0.438739 -0.057216 -0.004238 0.014361 -0.035664
2829.871414 -0.439479 -0.057226 -0.004052 0.014385 -0.035673
2829.884356 -0.440220 -0.057235 -0.003866 0.014407 -0.035681
2829.897298 -0.440961 -0.057242 -0.003679 0.014430 -0.035688
2829.910241 -0.441702 -0.057249 -0.003493 0.014452 -0.035695
2829.923183 -0.442443 -0.057254 -0.003305 0.014474 -0.035701
2829.936125 -0.443184 -0.057258 -0.003118 0.014496 -0.035707
2829.949067 -0.443925 -0.057262 -0.002930 0.014517 -0.035711
2829.962009 -0.444666 -0.057263 -0.002742 0.014538 -0.035715
2829.974952 -0.445407 -0.057264 -0.002554 0.014559 -0.035719
2829.987894 -0.446148 -0.057264 -0.002365 0.014579 -0.035721
2830.000836 -0.446889 -0.057262 -0.002177 0.014599 -0.035723
2830.013778 -0.447630 -0.057259 -0.001987 0.014619 -0.035724
2830.026721 -0.448371 -0.057255 -0.001798 0.014638 -0.035724
2830.039663 -0.449112 -0.057250 -0.001609 0.014657 -0.035724
2830.052605 -0.449853 -0.057244 -0.001419 0.014676 -0.035723
2830.065547 -0.450594 -0.057236 -0.001229 0.014694 -0.035721
2830.078490 -0.451335 -0.057227 -0.001038 0.014712 -0.035718
2830.091432 -0.452075 -0.057217 -0.000848 0.014730 -0.035715
2830.104374 -0.452816 -0.057206 -0.000657 0.014747 -0.035711
2830.117316 -0.453556 -0.057194 -0.000466 0.014764 -0.035706
2830.130259 -0.454296 -0.057180 -0.000275 0.014781 -0.035701
2830.143201 -0.455036 -0.057165 -0.000084 0.014797 -0.035694
2830.156143 -0.455776 -0.057149 0.000108 0.014813 -0.035687
2830.169085 -0.456515 -0.057131 0.000300 0.014828 -0.035679
2830.182027 -0.457255 -0.057113 0.000492 0.014843 -0.035670
2830.194970 -0.457994 -0.057093 0.000684 0.014858 -0.035661
2830.207912 -0.458732 -0.057072 0.000876 0.014872 -0.035651
2830.220854 -0.459471 -0.057049 0.001069 0.014886 -0.035640
2830.233796 -0.460209 -0.057026 0.001262 0.014900 -0.035628
2830.246739 -0.460947 -0.057001 0.001455 0.014913 -0.035615
2830.259681 -0.461684 -0.056974 0.001648 0.014925 -0.035602
2830.272623 -0.462422 -0.056947 0.001841 0.014938 -0.035588
2830.285565 -0.463159 -0.056918 0.002034 0.014950 -0.035573
2830.298508 -0.463895 -0.056888 0.002228 0.014961 -0.035557
2830.311450 -0.464631 -0.056857 0.002422 0.014973 -0.035541
2830.324392 -0.465367 -0.056824 0.002616 0.014983 -0.035524
2830.337334 -0.466102 -0.056790 0.002810 0.014994 -0.035505
2830.350277 -0.466837 -0.056755 0.003004 0.015004 -0.035487
2830.363219 -0.467571 -0.056718 0.003198 0.015013 -0.035467
2830.376161 -0.468305 -0.056680 0.003392 0.015022 -0.035446
2830.389103 -0.469038 -0.056641 0.003587 0.015031 -0.035425
2830.402045 -0.469771 -0.056600 0.003781 0.015039 -0.035403
2830.414988 -0.470503 -0.056558 0.003976 0.015047 -0.035380
2830.427930 -0.471235 -0.056515 0.004171 0.015055 -0.035356
2830.440872 -0.471966 -0.056471 0.004366 0.015062 -0.035331
2830.453814 -0.472697 -0.056425 0.004561 0.015068 -0.035306
2830.466757 -0.473426 -0.056378 0.004756 0.015074 -0.035280
2830.479699 -0.474156 -0.056329 0.004951 0.015080 -0.035253
2830.492641 -0.474885 -0.056279 0.005146 0.015085 -0.035225
2830.505583 -0.475613 -0.056228 0.005341 0.015090 -0.035196
2830.518526 -0.476340 -0.056175 0.005537 0.015094 -0.035166
2830.531468 -0.477067 -0.056121 0.005732 0.015098 -0.035136
2830.544410 -0.477793 -0.056066 0.005927 0.015102 -0.035105
2830.557352 -0.478518 -0.056009 0.006123 0.015105 -0.035073
2830.570295 -0.479242 -0.055951 0.006318 0.015107 -0.035040
2830.583237 -0.479966 -0.055892 0.006514 0.015109 -0.035006
2830.596179 -0.480689 -0.055831 0.006710 0.015111 -0.034971
2830.609121 -0.481411 -0.055769 0.006905 0.015112 -0.034936
2830.622063 -0.482133 -0.055705 0.007101 0.015113 -0.034899
2830.635006 -0.482853 -0.055640 0.007296 0.015113 -0.034862
2830.647948 -0.483573 -0.055574 0.007492 0.015113 -0.034824
2830.660890 -0.484292 -0.055506 0.007688 0.015112 -0.034785
2830.673832 -0.485010 -0.055437 0.007883 0.015111 -0.034745
2830.686775 -0.485727 -0.055366 0.008079 0.015109 -0.034704
2830.699717 -0.486443 -0.055294 0.008274 0.015107 -0.034663
2830.712659 -0.487158 -0.055221 0.008470 0.015104 -0.034621
2830.725601 -0.487872 -0.055146 0.008665 0.015101 -0.034577
2830.738544 -0.488585 -0.055070 0.008861 0.015097 -0.034533
2830.751486 -0.489298 -0.054992 0.009056 0.015093 -0.034488
2830.764428 -0.490009 -0.054913 0.009251 0.015089 -0.034442
2830.777370 -0.490719 -0.054833 0.009446 0.015083 -0.034395
2830.790313 -0.491428 -0.054751 0.009642 0.015078 -0.034348
2830.803255 -0.492136 -0.054668 0.009837 0.015072 -0.034299
2830.816197 -0.492843 -0.054583 0.010032 0.015065 -0.034250
2830.829139 -0.493549 -0.054497 0.010227 0.015058 -0.034199
2830.842081 -0.494254 -0.054409 0.010422 0.015050 -0.034148
2830.855024 -0.494957 -0.054320 0.010616 0.015042 -0.034096
2830.867966 -0.495660 -0.054230 0.010811 0.015033 -0.034043
2830.880908 -0.496361 -0.054138 0.011005 0.015024 -0.033989
2830.893850 -0.497061 -0.054045 0.011200 0.015014 -0.033934
2830.906793 -0.497760 -0.053950 0.011394 0.015004 -0.033879
2830.919735 -0.498458 -0.053854 0.011588 0.014993 -0.033822
2830.932677 -0.499154 -0.053756 0.011782 0.014982 -0.033765
2830.945619 -0.499849 -0.053657 0.011976 0.014970 -0.033706
2830.958562 -0.500543 -0.053556 0.012170 0.014958 -0.033647
2830.971504 -0.501235 -0.053454 0.012363 0.014945 -0.033587
2830.984446 -0.501926 -0.053351 0.012556 0.014932 -0.033526
2830.997388 -0.502616 -0.053246 0.012750 0.014918 -0.033464
2831.010331 -0.503305 -0.053140 0.012943 0.014903 -0.033401
2831.023273 -0.503992 -0.053032 0.013135 0.014888 -0.033337
2831.036215 -0.504677 -0.052922 0.013328 0.014873 -0.033273
2831.049157 -0.505362 -0.052812 0.013520 0.014856 -0.033207
2831.062099 -0.506044 -0.052699 0.013712 0.014840 -0.033140
2831.075042 -0.506726 -0.052586 0.013904 0.014823 -0.033073
2831.087984 -0.507405 -0.052470 0.014096 0.014805 -0.033005
2831.100926 -0.508084 -0.052354 0.014288 0.014787 -0.032935
2831.113868 -0.508761 -0.052236 0.014479 0.014768 -0.032865
2831.126811 -0.509436 -0.052116 0.014670 0.014748 -0.032794
2831.139753 -0.510110 -0.051995 0.014861 0.014729 -0.032722
2831.152695 -0.510782 -0.051872 0.015051 0.014708 -0.032649
2831.165637 -0.511452 -0.051748 0.015241 0.014687 -0.032575
2831.178580 -0.512121 -0.051623 0.015431 0.014665 -0.032501
2831.191522 -0.512789 -0.051496 0.015621 0.014643 -0.032425
2831.204464 -0.513454 -0.051367 0.015810 0.014621 -0.032348
2831.217406 -0.514118 -0.051237 0.015999 0.014597 -0.032271
2831.230348 -0.514780 -0.051106 0.016188 0.014574 -0.032192
2831.243291 -0.515441 -0.050973 0.016377 0.014549 -0.032113
2831.256233 -0.516100 -0.050839 0.016565 0.014524 -0.032033
2831.269175 -0.516757 -0.050703 0.016753 0.014499 -0.031951
2831.282117 -0.517412 -0.050565 0.016940 0.014473 -0.031869
2831.295060 -0.518066 -0.050427 0.017127 0.014446 -0.031786
2831.308002 -0.518717 -0.050286 0.017314 0.014419 -0.031702
2831.320944 -0.519367 -0.050144 0.017500 0.014391 -0.031617
2831.333886 -0.520015 -0.050001 0.017686 0.014363 -0.031532
2831.346829 -0.520662 -0.049856 0.017872 0.014334 -0.031445
2831.359771 -0.521306 -0.049710 0.018058 0.014304 -0.031357
2831.372713 -0.521948 -0.049562 0.018242 0.014274 -0.031268
2831.385655 -0.522589 -0.049413 0.018427 0.014244 -0.031179
2831.398598 -0.523227 -0.049262 0.018611 0.014212 -0.031088
2831.411540 -0.523864 -0.049110 0.018795 0.014181 -0.030997
2831.424482 -0.524499 -0.048957 0.018978 0.014148 -0.030905
2831.437424 -0.525131 -0.048801 0.019161 0.014115 -0.030812
2831.450366 -0.525762 -0.048645 0.019344 0.014082 -0.030717
2831.463309 -0.526390 -0.048487 0.019526 0.014048 -0.030622
2831.476251 -0.527017 -0.048327 0.019707 0.014013 -0.030526
2831.489193 -0.527641 -0.048166 0.019888 0.013978 -0.030429
2831.502135 -0.528264 -0.048004 0.020069 0.013942 -0.030332
2831.515078 -0.528884 -0.047840 0.020249 0.013906 -0.030233
2831.528020 -0.529502 -0.047674 0.020429 0.013869 -0.030133
2831.540962 -0.530118 -0.047507 0.020608 0.013831 -0.030032
2831.553904 -0.530732 -0.047339 0.020787 0.013793 -0.029931
2831.566847 -0.531343 -0.047169 0.020965 0.013755 -0.029828
2831.579789 -0.531952 -0.046997 0.021143 0.013715 -0.029725
2831.592731 -0.532560 -0.046825 0.021320 0.013676 -0.029621
2831.605673 -0.533164 -0.046650 0.021497 0.013635 -0.029516
2831.618616 -0.533767 -0.046475 0.021673 0.013594 -0.029409
2831.631558 -0.534367 -0.046297 0.021849 0.013553 -0.029302
2831.644500 -0.534965 -0.046119 0.022024 0.013511 -0.029194
2831.657442 -0.535561 -0.045938 0.022199 0.013468 -0.029086
2831.670384 -0.536155 -0.045757 0.022373 0.013425 -0.028976
2831.683327 -0.536746 -0.045574 0.022546 0.013381 -0.028865
2831.696269 -0.537334 -0.045389 0.022719 0.013336 -0.028753
2831.709211 -0.537920 -0.045203 0.022891 0.013291 -0.028641
2831.722153 -0.538504 -0.045016 0.023063 0.013246 -0.028528
2831.735096 -0.539086 -0.044827 0.023234 0.013200 -0.028413
2831.748038 -0.539665 -0.044637 0.023405 0.013153 -0.028298
2831.760980 -0.540241 -0.044445 0.023575 0.013106 -0.028182
2831.773922 -0.540815 -0.044252 0.023744 0.013058 -0.028065
2831.786865 -0.541386 -0.044057 0.023913 0.013009 -0.027947
2831.799807 -0.541955 -0.043861 0.024081 0.012960 -0.027828
2831.812749 -0.542522 -0.043664 0.024248 0.012911 -0.027708
2831.825691 -0.543086 -0.043465 0.024415 0.012861 -0.027588
2831.838634 -0.543647 -0.043265 0.024581 0.012810 -0.027466
2831.851576 -0.544205 -0.043063 0.024746 0.012759 -0.027344
2831.864518 -0.544762 -0.042860 0.024911 0.012707 -0.027220
2831.877460 -0.545315 -0.042655 0.025075 0.012655 -0.027096
2831.890402 -0.545866 -0.042449 0.025239 0.012602 -0.026971
2831.903345 -0.546414 -0.042242 0.025401 0.012548 -0.026845
2831.916287 -0.546959 -0.042033 0.025563 0.012494 -0.026718
2831.929229 -0.547502 -0.041823 0.025725 0.012440 -0.026591
2831.942171 -0.548042 -0.041612 0.025885 0.012384 -0.026462
2831.955114 -0.548579 -0.041399 0.026045 0.012329 -0.026332
2831.968056 -0.549113 -0.041184 0.026205 0.012272 -0.026202
2831.980998 -0.549645 -0.040969 0.026363 0.012216 -0.026071
2831.993940 -0.550174 -0.040752 0.026521 0.012158 -0.025939
2832.006883 -0.550700 -0.040533 0.026678 0.012100 -0.025806
2832.019825 -0.551223 -0.040313 0.026834 0.012042 -0.025672
2832.032767 -0.551743 -0.040092 0.026989 0.011983 -0.025537
2832.045709 -0.552261 -0.039870 0.027144 0.011923 -0.025402
2832.058652 -0.552775 -0.039646 0.027298 0.011863 -0.025265
2832.071594 -0.553287 -0.039420 0.027451 0.011803 -0.025128
2832.084536 -0.553795 -0.039194 0.027604 0.011741 -0.024990
2832.097478 -0.554301 -0.038966 0.027755 0.011680 -0.024851
2832.110420 -0.554804 -0.038737 0.027906 0.011617 -0.024711
2832.123363 -0.555304 -0.038506 0.028056 0.011555 -0.024571
2832.136305 -0.555801 -0.038274 0.028205 0.011491 -0.024429
2832.149247 -0.556295 -0.038041 0.028353 0.011427 -0.024287
2832.162189 -0.556785 -0.037807 0.028501 0.011363 -0.024144
2832.175132 -0.557273 -0.037571 0.028647 0.011298 -0.024000
2832.188074 -0.557758 -0.037334 0.028793 0.011233 -0.023855
2832.201016 -0.558240 -0.037095 0.028938 0.011167 -0.023710
2832.213958 -0.558718 -0.036855 0.029082 0.011101 -0.023563
2832.226901 -0.559194 -0.036614 0.029226 0.011034 -0.023416
2832.239843 -0.559666 -0.036372 0.029368 0.010966 -0.023268
2832.252785 -0.560135 -0.036129 0.029509 0.010898 -0.023119
2832.265727 -0.560601 -0.035884 0.029650 0.010830 -0.022969
2832.278670 -0.561064 -0.035638 0.029790 0.010761 -0.022819
2832.291612 -0.561523 -0.035390 0.029929 0.010691 -0.022668
2832.304554 -0.561980 -0.035142 0.030066 0.010621 -0.022516
2832.317496 -0.562433 -0.034892 0.030203 0.010551 -0.022363
2832.330438 -0.562883 -0.034641 0.030340 0.010480 -0.022209
2832.343381 -0.563330 -0.034389 0.030475 0.010408 -0.022055
2832.356323 -0.563773 -0.034135 0.030609 0.010336 -0.021900
2832.369265 -0.564213 -0.033881 0.030742 0.010264 -0.021744
2832.382207 -0.564650 -0.033625 0.030875 0.010191 -0.021587
2832.395150 -0.565084 -0.033368 0.031006 0.010118 -0.021430
2832.408092 -0.565514 -0.033109 0.031136 0.010044 -0.021271
2832.421034 -0.565941 -0.032850 0.031266 0.009969 -0.021112
2832.433976 -0.566364 -0.032589 0.031395 0.009895 -0.020953
2832.446919 -0.566784 -0.032327 0.031522 0.009819 -0.020792
2832.459861 -0.567201 -0.032065 0.031649 0.009744 -0.020631
2832.472803 -0.567614 -0.031800 0.031774 0.009667 -0.020469
2832.485745 -0.568024 -0.031535 0.031899 0.009591 -0.020306
2832.498688 -0.568430 -0.031269 0.032023 0.009514 -0.020143
2832.511630 -0.568833 -0.031001 0.032145 0.009436 -0.019979
2832.524572 -0.569233 -0.030733 0.032267 0.009358 -0.019814
2832.537514 -0.569629 -0.030463 0.032387 0.009280 -0.019648
2832.550456 -0.570021 -0.030192 0.032507 0.009201 -0.019482
2832.563399 -0.570410 -0.029920 0.032626 0.009121 -0.019315
2832.576341 -0.570796 -0.029647 0.032743 0.009042 -0.019147
2832.589283 -0.571178 -0.029373 0.032860 0.008961 -0.018979
2832.602225 -0.571556 -0.029098 0.032975 0.008881 -0.018810
2832.615168 -0.571931 -0.028821 0.033089 0.008800 -0.018640
2832.628110 -0.572302 -0.028544 0.033203 0.008718 -0.018470
2832.641052 -0.572670 -0.028266 0.033315 0.008636 -0.018299
2832.653994 -0.573034 -0.027986 0.033426 0.008554 -0.018127
2832.666937 -0.573394 -0.027706 0.033537 0.008472 -0.017954
2832.679879 -0.573751 -0.027424 0.033646 0.008388 -0.017781
2832.692821 -0.574104 -0.027142 0.033754 0.008305 -0.017608
2832.705763 -0.574454 -0.026858 0.033861 0.008221 -0.017433
2832.718706 -0.574799 -0.026574 0.033967 0.008137 -0.017258
2832.731648 -0.575141 -0.026288 0.034071 0.008052 -0.017082
2832.744590 -0.575480 -0.026002 0.034175 0.007967 -0.016906
2832.757532 -0.575814 -0.025715 0.034277 0.007881 -0.016729
2832.770474 -0.576145 -0.025426 0.034379 0.007796 -0.016552
2832.783417 -0.576473 -0.025137 0.034479 0.007709 -0.016374
2832.796359 -0.576796 -0.024847 0.034578 0.007623 -0.016195
2832.809301 -0.577116 -0.024556 0.034677 0.007536 -0.016015
2832.822243 -0.577432 -0.024264 0.034774 0.007449 -0.015836
2832.835186 -0.577744 -0.023971 0.034869 0.007361 -0.015655
2832.848128 -0.578052 -0.023677 0.034964 0.007273 -0.015474
2832.861070 -0.578357 -0.023382 0.035058 0.007185 -0.015292
2832.874012 -0.578657 -0.023086 0.035150 0.007096 -0.015110
2832.886955 -0.578954 -0.022790 0.035241 0.007007 -0.014927
2832.899897 -0.579247 -0.022493 0.035331 0.006917 -0.014744
2832.912839 -0.579536 -0.022194 0.035420 0.006828 -0.014560
2832.925781 -0.579822 -0.021895 0.035508 0.006738 -0.014375
2832.938723 -0.580103 -0.021596 0.035595 0.006647 -0.014190
2832.951666 -0.580381 -0.021295 0.035680 0.006557 -0.014005
2832.964608 -0.580654 -0.020993 0.035764 0.006466 -0.013819
2832.977550 -0.580924 -0.020691 0.035848 0.006374 -0.013632
2832.990492 -0.581190 -0.020388 0.035929 0.006283 -0.013445
2833.003435 -0.581452 -0.020084 0.036010 0.006191 -0.013257
2833.016377 -0.581710 -0.019780 0.036090 0.006099 -0.013069
2833.029319 -0.581964 -0.019475 0.036168 0.006006 -0.012881
2833.042261 -0.582214 -0.019168 0.036245 0.005913 -0.012692
2833.055204 -0.582460 -0.018862 0.036321 0.005820 -0.012502
2833.068146 -0.582702 -0.018554 0.036396 0.005727 -0.012312
2833.081088 -0.582940 -0.018246 0.036469 0.005633 -0.012121
2833.094030 -0.583174 -0.017937 0.036542 0.005539 -0.011930
2833.106973 -0.583405 -0.017628 0.036613 0.005445 -0.011739
2833.119915 -0.583631 -0.017317 0.036683 0.005350 -0.011547
2833.132857 -0.583853 -0.017006 0.036751 0.005256 -0.011355
2833.145799 -0.584071 -0.016695 0.036819 0.005161 -0.011162
2833.158741 -0.584285 -0.016383 0.036885 0.005066 -0.010969
2833.171684 -0.584495 -0.016070 0.036950 0.004970 -0.010775
2833.184626 -0.584701 -0.015757 0.037013 0.004874 -0.010581
2833.197568 -0.584903 -0.015443 0.037076 0.004778 -0.010387
2833.210510 -0.585101 -0.015128 0.037137 0.004682 -0.010192
2833.223453 -0.585294 -0.014813 0.037197 0.004586 -0.009997
2833.236395 -0.585484 -0.014497 0.037256 0.004489 -0.009802
2833.249337 -0.585670 -0.014181 0.037313 0.004392 -0.009606
2833.262279 -0.585851 -0.013864 0.037370 0.004295 -0.009409
2833.275222 -0.586028 -0.013547 0.037424 0.004198 -0.009213
2833.288164 -0.586202 -0.013229 0.037478 0.004101 -0.009016
2833.301106 -0.586371 -0.012910 0.037531 0.004003 -0.008818
2833.314048 -0.586536 -0.012591 0.037582 0.003905 -0.008621
2833.326991 -0.586697 -0.012272 0.037632 0.003807 -0.008423
2833.339933 -0.586854 -0.011952 0.037680 0.003709 -0.008224
2833.352875 -0.587006 -0.011632 0.037728 0.003611 -0.008026
2833.365817 -0.587155 -0.011311 0.037774 0.003512 -0.007827
2833.378759 -0.587299 -0.010990 0.037819 0.003413 -0.007628
2833.391702 -0.587439 -0.010668 0.037862 0.003314 -0.007428
2833.404644 -0.587575 -0.010346 0.037904 0.003215 -0.007228
2833.417586 -0.587707 -0.010024 0.037945 0.003116 -0.007028
2833.430528 -0.587835 -0.009701 0.037985 0.003017 -0.006828
2833.443471 -0.587958 -0.009378 0.038023 0.002917 -0.006627
2833.456413 -0.588077 -0.009055 0.038061 0.002818 -0.006426
2833.469355 -0.588192 -0.008731 0.038096 0.002718 -0.006225
2833.482297 -0.588303 -0.008407 0.038131 0.002618 -0.006024
2833.495240 -0.588410 -0.008082 0.038164 0.002518 -0.005822
2833.508182 -0.588512 -0.007757 0.038196 0.002418 -0.005620
2833.521124 -0.588611 -0.007432 0.038227 0.002318 -0.005418
2833.534066 -0.588705 -0.007107 0.038256 0.002217 -0.005216
2833.547009 -0.588795 -0.006781 0.038284 0.002117 -0.005014
2833.559951 -0.588880 -0.006455 0.038311 0.002016 -0.004811
2833.572893 -0.588962 -0.006129 0.038336 0.001915 -0.004608
2833.585835 -0.589039 -0.005803 0.038360 0.001815 -0.004405
2833.598777 -0.589112 -0.005476 0.038383 0.001714 -0.004202
2833.611720 -0.589181 -0.005149 0.038405 0.001613 -0.003999
2833.624662 -0.589245 -0.004822 0.038425 0.001512 -0.003795
2833.637604 -0.589306 -0.004495 0.038444 0.001411 -0.003592
2833.650546 -0.589362 -0.004168 0.038462 0.001310 -0.003388
2833.663489 -0.589413 -0.003840 0.038478 0.001208 -0.003184
2833.676431 -0.589461 -0.003513 0.038493 0.001107 -0.002980
2833.689373 -0.589504 -0.003185 0.038507 0.001006 -0.002776
2833.702315 -0.589544 -0.002857 0.038519 0.000904 -0.002572
2833.715258 -0.589578 -0.002529 0.038530 0.000803 -0.002367
2833.728200 -0.589609 -0.002201 0.038540 0.000702 -0.002163
2833.741142 -0.589635 -0.001873 0.038548 0.000600 -0.001959
2833.754084 -0.589657 -0.001545 0.038555 0.000499 -0.001754
2833.767027 -0.589675 -0.001216 0.038561 0.000397 -0.001549
2833.779969 -0.589689 -0.000888 0.038565 0.000296 -0.001345
2833.792911 -0.589698 -0.000560 0.038569 0.000194 -0.001140
2833.805853 -0.589703 -0.000231 0.038571 0.000093 -0.000935
2833.818795 -0.589704 0.000097 0.038571 -0.000009 -0.000731
2833.831738 -0.589701 0.000425 0.038570 -0.000111 -0.000526
2833.844680 -0.589693 0.000754 0.038568 -0.000212 -0.000321
2833.857622 -0.589681 0.001082 0.038565 -0.000314 -0.000116
2833.870564 -0.589665 0.001410 0.038560 -0.000415 0.000089
2833.883507 -0.589645 0.001738 0.038554 -0.000517 0.000293
2833.896449 -0.589620 0.002066 0.038547 -0.000618 0.000498
2833.909391 -0.589591 0.002394 0.038538 -0.000719 0.000703
2833.922333 -0.589558 0.002722 0.038528 -0.000821 0.000908
2833.935276 -0.589521 0.003050 0.038517 -0.000922 0.001112
2833.948218 -0.589479 0.003377 0.038504 -0.001023 0.001317
2833.961160 -0.589434 0.003705 0.038490 -0.001125 0.001522
2833.974102 -0.589383 0.004032 0.038475 -0.001226 0.001726
2833.987045 -0.589329 0.004359 0.038459 -0.001327 0.001930
2833.999987 -0.589271 0.004686 0.038441 -0.001428 0.002135
2834.012929 -0.589208 0.005013 0.038422 -0.001529 0.002339
2834.025871 -0.589141 0.005340 0.038401 -0.001630 0.002543
2834.038813 -0.589070 0.005666 0.038379 -0.001731 0.002747
2834.051756 -0.588994 0.005992 0.038356 -0.001831 0.002951
2834.064698 -0.588915 0.006318 0.038332 -0.001932 0.003155
2834.077640 -0.588831 0.006644 0.038306 -0.002033 0.003359
2834.090582 -0.588743 0.006969 0.038279 -0.002133 0.003562
2834.103525 -0.588650 0.007294 0.038251 -0.002233 0.003766
2834.116467 -0.588554 0.007619 0.038222 -0.002334 0.003969
2834.129409 -0.588453 0.007943 0.038191 -0.002434 0.004172
2834.142351 -0.588348 0.008268 0.038159 -0.002534 0.004375
2834.155294 -0.588239 0.008591 0.038125 -0.002633 0.004578
2834.168236 -0.588126 0.008915 0.038090 -0.002733 0.004780
2834.181178 -0.588008 0.009238 0.038054 -0.002833 0.004983
2834.194120 -0.587887 0.009561 0.038017 -0.002932 0.005185
2834.207063 -0.587761 0.009883 0.037979 -0.003031 0.005387
2834.220005 -0.587631 0.010205 0.037939 -0.003131 0.005588
2834.232947 -0.587497 0.010526 0.037897 -0.003230 0.005790
2834.245889 -0.587358 0.010848 0.037855 -0.003328 0.005991
2834.258831 -0.587216 0.011168 0.037811 -0.003427 0.006192
2834.271774 -0.587069 0.011488 0.037766 -0.003526 0.006393
2834.284716 -0.586919 0.011808 0.037720 -0.003624 0.006594
2834.297658 -0.586764 0.012128 0.037673 -0.003722 0.006794
2834.310600 -0.586605 0.012446 0.037624 -0.003820 0.006994
2834.323543 -0.586442 0.012765 0.037574 -0.003918 0.007193
2834.336485 -0.586274 0.013082 0.037522 -0.004015 0.007393
2834.349427 -0.586103 0.013400 0.037470 -0.004113 0.007592
2834.362369 -0.585927 0.013717 0.037416 -0.004210 0.007791
