0 -0.7893478575920827 0.8226346731845242 0.0 0.0 0.0 0.5399365217348657 0.004829394255218947 1 1 -0.4811289205869109 -0.5482217568223403 0.01810952568340725 -0.018117517422548027 0.010238162006961284 -0.010551860597144441 0.005632338574340399 -0.005630187542215216 0.012100979750585569 -0.012106331983478926 -772.2205769664317 
0 -0.8070960156808464 0.046920343095553374 0.0 0.0 0.0 0.058998610396583606 0.008238066084544294 1 2 0.5326213431925415 -0.6811851594543042 0.1020830743502034 -0.1040620066479276 0.0823649858288841 -0.03466693836456659 0.025889217038110222 -0.025555581766953474 0.06703440158719748 -0.06833493700387618 339.99130415726387 
0 -0.3672542073746259 0.03668099381020795 0.0 0.0 0.0 0.45031773209581927 0.01005118801685266 3 1 0.5621711602757289 0.34445827983053234 0.04908726124940655 -0.0490432992389344 0.02717146052355726 -0.029919876185055334 0.013384056088465225 -0.013383894859726334 0.03256905650239785 -0.03253988988756164 2027.104182266877 
0 -0.31053848128581896 0.6097648605310291 0.0 0.0 0.0 0.8517533441259433 0.007445876788713473 3 1 0.3668357162956954 0.3441044784112706 0.00960641768246781 -0.00960117311251619 0.0023803252164181056 -0.002389117321215577 0.002018880502440542 -0.0020185736446367225 0.005959394598752499 -0.005956131800995236 1599.9163913164077 
0 -0.11935037781340929 0.8496849919649134 0.0 0.0 0.0 0.5292344386857241 0.009615937233877086 1 2 1.44503234542077 -1.4450323566975058 0.6410225272223893 -0.6410225025632269 0.2429425461296483 -0.08896814326886694 0.23857974880304664 -0.23845246687431457 0.4013277138863569 -0.4013276984851034 -0.0003886608304362049 
0 0.7045547777902004 0.39174682898000035 0.0 0.0 0.0 0.024683125809379147 0.008640196571521416 -1 -1 -1000 1000 -1000 1000 -1000 1000 -1000 1000 -1000 1000 0 
0 0.3679355136946296 -0.4000904922369575 0.0 0.0 0.0 0.0730391073325033 0.008627166384599833 1 1 0.5605034194094687 0.4066029955215398 0.009959648273180344 -0.009000765505458063 0.01863453426348641 -0.024176842883513475 0.002680284427189201 -0.0025372256069308287 0.006480623529336478 -0.005856597139890402 735.771290911453 
0 0.006320707999221797 0.2863605841366921 0.0 0.0 0.0 0.6333047734155864 0.00517162510539801 1 1 0.5097346308624687 0.4715023349547026 0.012108389121858687 -0.012104904492045656 0.005605712122859303 -0.005703909335042876 0.003585938694761251 -0.003585201843790017 0.007811446433209419 -0.00780918075731068 735.8573737950143 
0 0.7796139299793461 -0.9616716672761243 0.0 0.0 0.0 0.6945405501185462 0.012279719440156954 1 1 0.4725850795398719 0.40818082793339344 0.022368958742847153 -0.0223568374921283 0.00829848983257343 -0.008544702584059075 0.005873686046465764 -0.005872200189676906 0.01441191764089635 -0.014404124307604335 660.8523666398297 
0 0.4268918437992859 0.007929773760673609 0.0 0.0 0.0 0.8187861402371768 0.00907420817327842 1 1 0.49793527519494357 0.4649361647568414 0.013511688963141753 -0.013510124354022109 0.004934477190078261 -0.004992612407810324 0.004070550257220883 -0.004070690581114665 0.009069787568329928 -0.009068729783084687 722.1244141933018 
0 0.26060078922170526 -0.7551322764245423 0.0 0.0 0.0 0.030786581063057206 0.007932996258554422 1 2 0.6989397678340011 -0.5695479015591258 0.1048007737098242 -0.10145663197088305 0.08241457696721233 -0.04370697271457008 0.02766027803819228 -0.02712213558969903 0.07041358948240044 -0.06815926310368854 -322.38900345122966 
0 -0.07296429616343647 0.4843803251581291 0.0 0.0 0.0 0.0665859484360396 0.004853598905390605 1 1 0.5417108156694825 0.4737076263251337 0.002246674745067725 -0.0022445990884246256 0.009119826386154184 -0.010781792783269753 0.0006559195831823348 -0.0006551565365506124 0.0014400834570930652 -0.0014387506956351586 764.4385408905285 
0 0.3584824649911922 0.5511865679231929 0.0 0.0 0.0 0.3171954029948105 0.007826332983137195 1 2 0.9852281585916958 -0.9852281585960398 0.2488292216757522 -0.2488292216776472 0.14987283383921124 -0.08835176174724442 0.09772646750507993 -0.09759669101449982 0.16620545728577524 -0.16620545728705197 1.3137853138722733e-08 
0 -0.02407870710729343 0.34304388048658896 0.0 0.0 0.0 0.4956018769740289 0.010082519001159102 3 2 0.5894156638286093 -0.5894167046761376 0.08897736745147357 -0.08897873719402088 0.05106041063549551 -0.042295558348061195 0.014090908725026195 -0.016694692586800064 0.056618421069658406 -0.05661929260125546 0.0019499213947806737 
0 0.32165136405575034 0.7950842772410813 0.0 0.0 0.0 0.041464226152786 0.00303375369250566 1 1 0.39579035295868964 0.28905959355868377 0.0027019925914006132 -0.002612064149907522 0.008108015902036195 -0.011469944755586632 0.0005032250653818984 -0.0004841190061673602 0.0016722319725148507 -0.001616562126681395 524.5635046892882 
0 -0.7496193976606262 0.977356501842461 0.0 0.0 0.0 0.7367692828301237 0.006715646495463642 2 1 -0.42389808256792605 -0.5688513779626727 0.036037817690070834 -0.029972699038636783 0.023881191345190542 -0.01784271700306027 0.009063508958403849 -0.010720364538953623 0.023546372168567375 -0.019583536771701042 -1447.531834022834 
0 -0.7457002298836983 0.7255110026511755 0.0 0.0 0.0 0.3712688980137492 0.005179579117204087 1 1 -0.28787110042542396 -0.6125093691407173 0.06106816918960921 -0.061295737333469984 0.039766793100794576 -0.04454994215108057 0.017337343624114397 -0.01727891333733006 0.03727625347846011 -0.03741521303963664 -660.0449095741326 
0 0.48404388860742253 0.12567350859028004 0.0 0.0 0.0 0.44546872968847717 0.011195045723022802 1 1 -0.31972991803367695 -0.5434676687745228 0.04988674892276043 -0.0499526719265405 0.02618848842011202 -0.02909454874064127 0.0128831529257781 -0.012868997753318255 0.033479996064843094 -0.03352431196888075 -642.8418230380009 
0 0.7795030055761414 -0.18966279108670747 0.0 0.0 0.0 0.8681258532954148 0.002837666653770544 2 1 0.5211542096250843 0.5117195783947305 0.0040706353293407755 -0.004056821644007971 0.001541673035609441 -0.001607061379719828 0.001359640467728184 -0.0013554247829449192 0.0026607658815530288 -0.0026517263338894977 1549.5401446963372 
0 0.23861998672970564 0.7013231904489947 0.0 0.0 0.0 0.8869165041024943 0.011365203350490285 3 1 0.3981327519633537 0.3659582809719832 0.014151998174949082 -0.014150745824471074 0.0036980317982432827 -0.0037096456081270593 0.003269373797067764 -0.003268352793708455 0.00924602422756722 -0.009245208728002724 1719.0882844118216 
0 0.06318341225331658 -0.35646410636994075 0.0 0.0 0.0 0.09834778858058013 0.008816165108788148 1 2 0.5792643911185705 -0.6864764487703175 0.09960455845867314 -0.10192278738614868 0.0818794262996418 -0.03807431061924998 0.02599634723270327 -0.02564691954044384 0.06688354714008388 -0.0684395743960171 204.0887976399564 
0 -0.3754863596210134 0.44736598136854977 0.0 0.0 0.0 0.4397140741592863 0.004048066813022678 3 2 0.6153686675907372 -0.6153689014980519 0.07510798523896511 -0.07510825216596577 0.053732826742966644 -0.04973052018277696 0.017282648891494102 -0.018213506899252635 0.04602482342924109 -0.046024988571055025 -0.26839636074391576 
0 -0.2127748128177045 -0.8592559524418861 0.0 0.0 0.0 0.6542355510519052 0.00994151126646069 2 1 0.5259557435674347 0.36450036497587973 0.03703729803843715 -0.040422367257251623 0.024731023921390233 -0.01569806860717083 0.009745589538519329 -0.010496705707793595 0.02375687326600635 -0.025928487161522837 1267.9364698183153 
0 -0.5286906822158248 -0.9774243131324019 0.0 0.0 0.0 0.053510761858561295 0.005524289149761512 1 1 -0.47656215394658474 -0.5509618505486285 0.0019890268578026393 -0.001993165115755685 0.010086242291517864 -0.012033697761079796 0.0005908007481416321 -0.0005894700490427973 0.0012807320561299314 -0.0012834008737230534 -773.896267383866 
0 0.902621860393191 -0.9180598170816592 0.0 0.0 0.0 0.800383317884803 0.004541124603898942 1 1 -0.4152126235587201 -0.43168757714931205 0.006562202609179915 -0.006598623454473801 0.0021286285304337343 -0.0020730526303032984 0.0016833797988872541 -0.0016746615995358674 0.004369981306513826 -0.004394265060405376 -635.5759096443747 
0 0.8405158313099064 0.8730951768629256 0.0 0.0 0.0 0.41587700565408126 0.004716152454785378 1 1 -0.2853778586311961 -0.36490988707231764 0.01653496860867181 -0.016541275491092165 0.006823191905198022 -0.007167147614982191 0.002937329422383757 -0.00293629111326753 0.010612847296552774 -0.010616902495524367 -487.6241375296183 
0 -0.415318665977197 0.7061317720445173 0.0 0.0 0.0 0.14179540279593594 0.0033817799153879435 1 1 -0.4007206256172609 -0.4764744938266126 0.0069138090855263585 -0.007168582525022171 0.007006534399291142 -0.011614810602106028 0.0017735459742824007 -0.0017067765273634026 0.00420908866005009 -0.004364190254917074 -669.7491823344719 
0 0.18421276335487624 0.32088719798799015 0.0 0.0 0.0 0.9074700894642331 0.004070999210185564 3 1 0.36420254982486416 0.3527075558451064 0.004952589885124525 -0.004923165412585679 0.001229121346101943 -0.0012268327398741018 0.0010634555805963729 -0.0010590338689622962 0.003043594382242247 -0.003025488773787635 1613.66464104148 
0 0.7830348875920756 0.8814990847477091 0.0 0.0 0.0 0.18212282746334008 0.009529437865765067 1 2 0.6963780488488478 -0.696378048847959 0.10626814062637129 -0.10626814062686896 0.0844796048452473 -0.03846707053087635 0.027189138770654778 -0.026903245540176018 0.06522394371261449 -0.06522394371292309 -5.113250378663281e-09 
0 0.5144230110931642 -0.8541376039819546 0.0 0.0 0.0 0.2816493234942685 0.004928131212578339 2 1 -0.12869826016312197 -0.4810947645816596 0.04728641195186136 -0.047394144587143194 0.025679541113127445 -0.0328605435872588 0.009341312639376927 -0.009354855021395603 0.029602251321477795 -0.029669689201432602 -928.0086762049599 
0 -0.3892156811412826 0.769129155241741 0.0 0.0 0.0 0.30000790637604713 0.012127007526313365 1 2 0.9760862876236777 -0.9760862876152866 0.23397077271045583 -0.23397077270581523 0.15011519639940263 -0.08793053498993383 0.08821573269465292 -0.08784274844694677 0.154100123194383 -0.15410012319140806 -6.068558233707222e-08 
0 0.7621536506374431 0.26268007778634095 0.0 0.0 0.0 0.8462103402968306 0.008085240882884209 2 1 -0.4762868480161946 -0.5041943997604907 0.011624273046032986 -0.011678583277079645 0.00431649410426746 -0.004324288675042953 0.003623400619128324 -0.003610076264855217 0.007551950299278918 -0.007587268457647197 -1470.9681313454273 
0 0.15750668188076866 -0.15827418032633722 0.0 0.0 0.0 0.06994121009467713 0.010933934899046123 -1 -1 -1000 1000 -1000 1000 -1000 1000 -1000 1000 -1000 1000 0 
0 0.19608262853496106 -0.010590075611284444 0.0 0.0 0.0 0.6450218232690568 0.0017593644653895867 1 1 0.39259306765916663 0.38220960492766726 0.0033469457174188123 -0.0033483308941885622 0.0011488786912117212 -0.0011551323983330353 0.0007427765005194924 -0.0007430780834121408 0.002137773219939302 -0.002138655003606316 581.4832612856552 
0 -0.5044990595485455 0.9091925266691225 0.0 0.0 0.0 0.8148153842958356 0.008272408890943552 5 1 0.4384992756057459 0.4081205345086549 0.012028377428060184 -0.012038175083940957 0.0038564885290268314 -0.003884617336408332 0.0030764897949055446 -0.0030797671614318993 0.007318022908778943 -0.00732397106263029 3175.06292637462 
0 -0.795445406136225 0.3551184910882854 0.0 0.0 0.0 0.26673563890131025 0.008177737234416832 1 2 0.8448166755166121 -0.8448166755159355 0.17968890557371195 -0.1796889055745944 0.12088851864875795 -0.053639522147320075 0.05540785966042464 -0.05631999800844668 0.1140200090997394 -0.11402000910029983 -8.051985744828016e-10 
0 0.90640935491845 0.4716649416156147 0.0 0.0 0.0 0.47548495993887774 0.006229176569326025 3 2 0.5782565111074001 -0.5782565436977285 0.0774428496183471 -0.07744275223499948 0.04996361516817687 -0.039293902877985704 0.013849873243544806 -0.01571650392216973 0.05136093715719799 -0.05136087257792464 0.566713630684106 
0 0.2822814109997467 -0.9239903394469169 0.0 0.0 0.0 0.35964592745764534 0.0029200279114652743 1 1 -0.33748543388935404 -0.5039093091486412 0.030005495007170205 -0.03006410935383942 0.01904989998637978 -0.020236177709135345 0.00729975061180509 -0.007285950113325064 0.01899625379824681 -0.019033377316633397 -627.487354065848 
0 -0.644860853716706 0.632213013890027 0.0 0.0 0.0 0.7617540497218247 0.009052975299140894 2 1 -0.4281689765648544 -0.5973086380663556 0.044171020621921075 -0.038379947444896235 0.029486696748601063 -0.021177871405287665 0.01204505883709567 -0.01387217248657222 0.028945747962719228 -0.02515066279089423 -1482.8930775555093 
0 -0.5837956958058621 -0.5436248687398724 0.0 0.0 0.0 0.6667516167302056 0.003243841855387637 1 1 -0.3883034221091122 -0.406184953322119 0.005941505070433848 -0.005957800764991346 0.0020467325730076273 -0.0020565716834290877 0.0013676897437452536 -0.0013640715647394441 0.003939696904187958 -0.003950508701907408 -596.2367295209609 
0 -0.13583309779848363 -0.7067769452178454 0.0 0.0 0.0 0.4740603921359605 0.009963835261982442 1 1 -0.38501176466845105 -0.6066583689117817 0.05262684047022107 -0.05269677070304957 0.03108561802324308 -0.03419633261706037 0.016075189294712428 -0.01605672172172838 0.03307136394340125 -0.03311534413083838 -739.5874423919882 
0 0.8462769285699139 -0.38001449479676186 0.0 0.0 0.0 0.14109619623184078 0.00641268961084118 2 1 0.6265255829778558 0.19599703611952013 0.06535278623568236 -0.06330009867298717 0.05607391476437246 -0.03954168171909425 0.017185027253206444 -0.016783760986473138 0.04032643169440515 -0.03905933405715053 1107.4809334326878 
0 -0.4964290266056559 -0.03540416411844749 0.0 0.0 0.0 0.05113125335141766 0.006121185426813529 1 1 -0.42050659370048304 -0.5215211762391028 0.002555341533357707 -0.002556431377044212 0.01173071686307009 -0.015244037584207466 0.0006890607914963958 -0.0006686257827634532 0.0017036061026871213 -0.0017043371785628418 -713.7939252377328 
0 -0.9712782824245412 0.06360469620892517 0.0 0.0 0.0 0.26138721106721885 0.006196383172231784 1 2 0.7650050606297577 -0.7650050606288843 0.1592746913097508 -0.15927469131079663 0.10869408512627159 -0.03166149906112377 0.04015302611526756 -0.03997565604191667 0.10534366436349678 -0.10534366436418864 -3.744384247106325e-09 
0 0.27529165475502015 -0.3665753795504718 0.0 0.0 0.0 0.6303667880275005 0.005585570761390977 1 1 -0.3559220674984794 -0.39017866760705383 0.01079655893242741 -0.010792205455305641 0.003596244121542085 -0.0036606158662149902 0.002289559143452909 -0.0022906370212911003 0.006882826409198986 -0.006880056263528385 -559.53036892501 
0 0.6180804832160864 0.46893637512873476 0.0 0.0 0.0 0.22146381142238492 0.001752086616943545 1 1 0.4721572354430535 0.4118552796633477 0.006837188514932267 -0.006775191448175727 0.007697059156068581 -0.007162140679970189 0.001698796509783926 -0.0016835281985196182 0.0041647590032244455 -0.004127001371666971 660.8028625609167 
0 0.5341090117396967 0.1218578820109737 0.0 0.0 0.0 0.7637101653543428 0.0122180633002285 3 2 0.7064003813660282 -0.7064002746439016 0.16304182275190882 -0.1630420672649367 0.09228159099507553 -0.031205908156618212 0.029157047574776912 -0.03526712000655395 0.10570623084059143 -0.10570638895508935 0.6892913026931832 
0 0.9153954814839051 -0.9466074951357102 0.0 0.0 0.0 0.8084911801452658 0.003869599329048342 2 1 -0.4357879941917965 -0.4501002123417508 0.005684956769628175 -0.005686587719748984 0.0019218975392989068 -0.001936088390382328 0.001534943246175713 -0.0015346085740220604 0.003790829134628623 -0.003791917459369925 -1328.8321176449842 
0 0.11347496237277688 0.348812238762775 0.0 0.0 0.0 0.147439891318902 0.009900149058568786 3 2 0.7693918591808345 -0.7693918591808513 0.1458978689977156 -0.14589786899772128 0.10470703355193092 -0.04232717355554329 0.039529699053699005 -0.03803843485973148 0.09320444625207903 -0.09320444625208546 0.28851524241949855 
0 -0.8328412608223126 0.02666124833016026 0.0 0.0 0.0 0.7801418769909481 0.005301159154035161 1 1 0.4979210152611796 0.4760439638103156 0.00853691831572495 -0.008538050393297584 0.003286516918340736 -0.0033293544753248395 0.002582955326975639 -0.002583456803878954 0.005208734673724992 -0.0052094215813885455 730.9294284781023 
0 -0.03794767860854109 -0.055746599234030025 0.0 0.0 0.0 0.2646115801006709 0.004079644631028317 -1 -1 -1000 1000 -1000 1000 -1000 1000 -1000 1000 -1000 1000 0 
0 -0.6227035100371161 0.5862268913662103 0.0 0.0 0.0 0.4922474911455774 0.002432047365225223 1 1 -0.4280143254597765 -0.46404429243827977 0.008867233547178232 -0.008868784997275416 0.0045782838806364195 -0.004657479782612238 0.0022759478566873885 -0.0022755998831256894 0.0056514419824800505 -0.005652431157420284 -669.4101708919991 
0 -0.8691182518034377 -0.4144041449576561 0.0 0.0 0.0 0.7865589897324545 0.00890623381520552 1 1 0.5171558105854848 0.48065502733166393 0.01436610098119889 -0.014352260110955532 0.005645772261909007 -0.005766453381509787 0.004497998416603712 -0.004494692391580524 0.009083891725532738 -0.009075116346139155 748.7944053503459 
0 0.38949507780754455 0.697213149661337 0.0 0.0 0.0 0.4002421705415974 0.011321571689368539 1 2 1.14688536430543 -1.1468853638324479 0.367750285541155 -0.3677502860758275 0.1862681472166722 -0.07506903167949242 0.15651832929922346 -0.15610580576573035 0.2360437643566515 -0.23604376470074745 2.0736235366580757e-06 
0 0.11679907945699197 0.5589640656723796 0.0 0.0 0.0 0.029552652713513372 0.0060306968306540094 -1 -1 -1000 1000 -1000 1000 -1000 1000 -1000 1000 -1000 1000 0 
0 0.5779942079065508 -0.07453268195313467 0.0 0.0 0.0 0.777584868780523 0.0014764747711189397 1 1 -0.3933093642903827 -0.39890827585425304 0.0021769278989218024 -0.002178893717637716 0.0006602262266194476 -0.0006508140903834364 0.0005101946868006277 -0.0005097734705099434 0.0013609969049048246 -0.0013622292240221669 -594.5632481516693 
0 -0.2711455719653735 -0.6185529670518735 0.0 0.0 0.0 0.8145144722842516 0.007115670732894514 1 1 -0.3742087131380194 -0.3983528271496277 0.0098329746524345 -0.009791046342673007 0.002785857157922146 -0.0027493695495151545 0.0022470867343312856 -0.002256594588860934 0.006114733993650736 -0.006088657493202928 -579.3702990941083 
0 -0.6117849720416249 0.45081427969424914 0.0 0.0 0.0 0.26657320152463404 0.008681951733514137 1 2 0.8210448537656226 -0.8210448537654992 0.17414341798919186 -0.17414341798836455 0.11826950665626992 -0.04389214158199752 0.04930747897869153 -0.04966323284169704 0.11387587035233225 -0.1138758703517913 -1.610030997412082e-10 
0 0.8133402287261371 0.8024628323853653 0.0 0.0 0.0 0.29373869964717036 0.012218464406509201 1 2 0.9064162171019784 -0.9064162170756553 0.21180713640787147 -0.211807136418052 0.1400005213689023 -0.056412732217199606 0.0666113713073027 -0.06630625143479042 0.12981678787113374 -0.12981678787745296 0.8848829441519984 
0 0.6235755891262329 -0.5720152573150332 0.0 0.0 0.0 0.7970012633813983 0.0018171797371215276 1 1 0.33619847018172727 0.3297675925520125 0.00253902423568036 -0.0024705331273875055 0.0006209382738853582 -0.0006140035683171829 0.0004879379925824588 -0.0004759570638229041 0.0016104010558429225 -0.0015669312596895085 499.5825553597795 
0 -0.715232457989825 0.9637588707034921 0.0 0.0 0.0 0.6321233261307564 0.003945466580953241 1 1 -0.39603396730039864 -0.42126907229704963 0.00796619854369421 -0.007974806629083068 0.0029598679111791856 -0.002990993011581794 0.0018818818033669365 -0.0018799315337838425 0.004867118759851835 -0.004872367746996895 -613.3624870620821 
0 -0.32350728501120574 0.43688747035561804 0.0 0.0 0.0 0.36924089447559105 0.0028826162126186993 1 1 0.4780733968323838 0.3497713709266224 0.02374229279135749 -0.02371124823484399 0.014464960398994023 -0.015215811590963902 0.0055880721053139255 -0.005580942883585423 0.015231535375838061 -0.015211581313361868 618.6772723596428 
0 -0.38006294006078556 0.8935739912009881 0.0 0.0 0.0 0.8522941221476256 0.006666052760905206 2 1 -0.4722652491847857 -0.4951434982824638 0.009553596861768968 -0.009467188931187701 0.003486285263199986 -0.0034752114409884803 0.0028916384773449064 -0.002914106755648866 0.005986615483987452 -0.005932430520534653 -1451.2314614689446 
0 0.05621077335585234 0.18567385481562693 0.0 0.0 0.0 0.14821907915005628 0.006991507369878714 1 2 0.73225519693978 -0.732255196937572 0.10733625509030803 -0.10733625509048328 0.0832538750408774 -0.06173553860072847 0.031578991890928235 -0.03119050111402763 0.0689488851345395 -0.06894888513458097 -3.3171593250003184e-08 
0 -0.4598233139746595 -0.29978410211055007 0.0 0.0 0.0 0.5540121406092785 0.004001888165086967 2 1 0.508349706085749 0.27161104820141185 0.03661940935288142 -0.0414984302973674 0.027444300447987232 -0.023004773924841886 0.00859763331992337 -0.009527240366561414 0.02357443452055466 -0.026715338709652526 1102.9476771062666 
0 -0.8309382985631688 0.05237538254856 0.0 0.0 0.0 0.21893019524686042 0.00829252871190083 1 2 0.7567753333461993 -0.7567753333478408 0.13389104993978554 -0.1338910499380934 0.09855404696019646 -0.04697721009019248 0.03681582695112948 -0.036546484183305965 0.08195752287112495 -0.08195752287010188 0.7391291448860527 
0 -0.7324171372162329 -0.4040832308261426 0.0 0.0 0.0 0.3988186066073591 0.008418966390486721 -1 -1 -1000 1000 -1000 1000 -1000 1000 -1000 1000 -1000 1000 0 
0 -0.6586869524832868 -0.8632338048142356 0.0 0.0 0.0 0.3935265398399683 0.00709645037127933 1 1 0.5065238954786845 0.3018478848745057 0.04040434872482335 -0.0403372915452521 0.022114112018450902 -0.024274712499701315 0.009548584828558606 -0.009533433133118456 0.026600423315823494 -0.026556302006644415 601.6414505624572 
0 -0.32196113646949054 0.2251161052517694 0.0 0.0 0.0 0.632380338205363 0.003860846884565083 1 1 -0.45198296935196985 -0.4791674647935418 0.008594763678772233 -0.0085959969129697 0.0037368924573547976 -0.003783258109363546 0.002379440619027657 -0.0023791985107429405 0.0056957074874719625 -0.005696524976457918 -698.3298689945833 
0 -0.026166940419122042 0.7208993355000861 0.0 0.0 0.0 0.047536991497200365 0.007690236371913338 1 1 0.5304244237791099 0.39690788637906693 0.0032009748511871556 -0.0031947687467353218 0.014611175196509655 -0.020543866890273526 0.0008511645293459631 -0.0008434771535479146 0.002113525687083082 -0.0021094229565663137 708.0798847650605 
0 0.09138652438596795 0.1731977275352492 0.0 0.0 0.0 0.3018259091447788 0.002864644361864332 1 2 0.8645938437321983 -0.8645938437307192 0.2082988037711625 -0.20829880377288387 0.12988281856777642 -0.050339774973105225 0.0614451388451123 -0.061184521003484496 0.13735281455182405 -0.1373528145529671 -5.386254608996666e-09 
0 -0.39629241802369664 -0.5166673278485294 0.0 0.0 0.0 0.31729426334090083 0.010943991957177912 1 2 0.940810828160828 -0.940810820914988 0.2378610790214487 -0.2378610797761032 0.14747630951620352 -0.05728560528092104 0.07797799502006984 -0.07780396464595198 0.15153766450991465 -0.15153766503485772 -2.9524787413026665e-05 
0 0.019932360816304007 -0.6640879180724131 0.0 0.0 0.0 0.7729851059364701 0.0035515155458321324 1 1 -0.4587592652108773 -0.47352554599782354 0.005634400366272347 -0.00569520799661707 0.002117055848732721 -0.0020950439574252376 0.0016251773189359727 -0.001608749037478295 0.0037415327047874048 -0.003781938591808088 -699.1269802337429 
0 0.6894165796505638 0.9710127496495808 0.0 0.0 0.0 0.815838400747786 0.011169356181254753 2 1 0.49684322656839197 0.45585831027159623 0.016690735144158354 -0.01665868351347569 0.00605275347628704 -0.00609554067692156 0.004958674389986006 -0.004951104139775983 0.010292112286621892 -0.010272332242022777 1429.1894228130093 
0 0.04083800418992922 0.2743412040054338 0.0 0.0 0.0 0.09836200935894635 0.006456255447958232 1 2 0.6355493729348238 -0.5418865533124015 0.08956811687065029 -0.08778024457173976 0.07129314613377535 -0.031107670045541415 0.020906189277162104 -0.02062201462708941 0.05563153123365572 -0.05452083031877922 -190.44070639965406 
0 -0.60076270217221 0.9449721769758082 0.0 0.0 0.0 0.8690646852724748 0.009331410457544235 2 1 0.4725092929899869 0.4434016898434747 0.01259898660645087 -0.012463365385197305 0.004136964221487063 -0.00417749233151996 0.003606593324672619 -0.0035719702599803765 0.008407611085775096 -0.008317046883332358 1373.7313284478796 
0 -0.320579791388635 -0.225898992420964 0.0 0.0 0.0 0.9934093964213587 0.009199726078772971 3 1 -0.46753414833452955 -0.4891893554167221 0.010589119003315687 -0.010575042527747467 0.0033926088249800123 -0.0033803465050565883 0.0033163442440067767 -0.0033198396584789413 0.0070072041232261744 -0.006997888150468495 -2153.090165771948 
0 -0.6319169072512298 -0.9313489830661348 0.0 0.0 0.0 0.6265221215069422 0.002143529107020879 1 1 0.44388720679247556 0.4292130023966959 0.0045952746943064594 -0.004597075205434791 0.0018638788754235629 -0.0018797350650507625 0.0011725842220375684 -0.0011730380652957206 0.0030397666689107824 -0.003040952603954902 655.2471619918178 
0 -0.5428592249913009 0.23883988163938374 0.0 0.0 0.0 0.7661354293373024 0.0070913416072878625 1 1 -0.44165378152567125 -0.471291704811768 0.011351681771640487 -0.011329859875716851 0.004098094730578152 -0.004127485949859604 0.003147683137648794 -0.0031538905607456525 0.007577906212915811 -0.007563334922790685 -684.6604664813931 
0 -0.40683828393926613 -0.8986835126446497 0.0 0.0 0.0 0.3262371999609268 0.006241561521709189 -1 -1 -1000 1000 -1000 1000 -1000 1000 -1000 1000 -1000 1000 0 
0 -0.34020951472650807 -0.8831901788940393 0.0 0.0 0.0 0.47194559574114103 0.008581298356813934 -1 -1 -1000 1000 -1000 1000 -1000 1000 -1000 1000 -1000 1000 0 
0 0.7205559178651881 -0.13991698028357358 0.0 0.0 0.0 0.4256719791017274 0.005192188210512816 1 1 0.6131694972626037 0.38227548302969205 0.04946013789353482 -0.04935460765445801 0.03248019738216525 -0.03539637817558535 0.015111341516745041 -0.015081347910481187 0.03203534503988308 -0.03196690772441369 740.1735074907942 
0 -0.03651997050911859 -0.8537978963124999 0.0 0.0 0.0 0.7977210121817663 0.0117155363259344 2 1 0.5147134527262422 0.46835712152145353 0.018361190258337958 -0.01844613475804661 0.007074464878751054 -0.007168221700726938 0.005660113646075742 -0.0056840284675310025 0.012300070634418857 -0.012357008432064212 1474.3411916931386 
0 0.6673666248775603 -0.8163556566958905 0.0 0.0 0.0 0.4179282054219121 0.009784224535152318 1 1 -0.30032521148890107 -0.6417268413694873 0.07195837998551774 -0.07215943095176851 0.04404733683752441 -0.05055076515935472 0.021756251752210104 -0.021703764928802646 0.04377444930876029 -0.04389687105874328 -692.390043096752 
0 -0.9597724696737922 -0.29391141942742616 0.0 0.0 0.0 0.07170194313553346 0.004442982466762556 1 1 0.5360195998352457 0.47236024270195415 0.0022633355363987757 -0.0022668683808090362 0.008487425677609338 -0.009971443970780928 0.0006554054715610979 -0.0006564340237418618 0.0015202436319050857 -0.001522613587458303 758.912411937862 
0 0.9325314988689624 -0.8481948403497426 0.0 0.0 0.0 0.818574132462347 0.006204072925024289 3 1 0.41817167080793965 0.39647603994079866 0.008723800528721928 -0.00873798090623792 0.002633965460225619 -0.0026582051664876044 0.002131676062964579 -0.0021362982047555554 0.005322304054251678 -0.005330953018030444 1832.9358394178544 
0 0.5540837867706321 0.2720689714676534 0.0 0.0 0.0 0.25420440765976005 0.007106812754074161 1 2 0.8771365054012392 -0.8771365054012037 0.18034895936350293 -0.18034895936348228 0.12287616796880786 -0.07809030947765315 0.06223463967160672 -0.06191580380223387 0.11016246269088181 -0.11016246269086914 0.8248337328962002 
0 -0.9662171234856647 0.22289089215494418 0.0 0.0 0.0 0.2955181659245403 0.009241606119656414 1 2 0.9242955660034788 -0.9242955660114506 0.2173812568624199 -0.21738125685930054 0.14086672973884837 -0.06958603154724192 0.07319117489994 -0.07286839912481408 0.14217460765226145 -0.14217460765021134 0.8810219624813638 
0 -0.12819073839534711 0.9475985293412399 0.0 0.0 0.0 0.8674611110750153 0.0029039168489207786 3 1 -0.37285478103993464 -0.3823414860520144 0.0037845856763163233 -0.0037950377529959883 0.0010673553494411413 -0.001058084743026698 0.0008567626551680061 -0.0008535519102279619 0.002338639778941061 -0.0023451027037243344 -1698.9967689568853 
0 0.1542241058679048 -0.13291921195870482 0.0 0.0 0.0 0.5464482661771051 0.006381156498369897 2 1 -0.22695876567030684 -0.5660070343709139 0.06132640434743623 -0.0573346414554259 0.04009432670619137 -0.033724679437668416 0.014329806232037546 -0.015093324460179745 0.04018587470272423 -0.037570041295201376 -1063.283005004686 
0 0.6306942170311003 0.5994359833280163 0.0 0.0 0.0 0.6748765573989967 0.005730488682319704 1 1 -0.4065406304742975 -0.43810290805552593 0.01065068844684531 -0.010652377082021585 0.003878509632259925 -0.003928414230598014 0.0026374847697967535 -0.002637645608868455 0.006918279412747738 -0.006919378378048973 -633.8903286492953 
0 -0.8375263814981053 0.7299816480914887 0.0 0.0 0.0 0.11504327385754243 0.006336915680163344 -1 -1 -1000 1000 -1000 1000 -1000 1000 -1000 1000 -1000 1000 0 
0 0.6596267359963148 0.9546564951224887 0.0 0.0 0.0 0.35939900387345713 0.005636960612916744 1 1 0.66521108504273 0.23807067182024919 0.0793910247209431 -0.0789755447966176 0.05216039295782437 -0.060284199511414414 0.023987452845470804 -0.02387934453340265 0.04997116562900418 -0.049709345688886575 647.8631669098565 
0 -0.5716327842175788 -0.4605126761213658 0.0 0.0 0.0 0.587711839669803 0.011984910964874182 2 1 0.6035292005327797 0.24531511662704852 0.0723673147592197 -0.07573929093049683 0.04762361760633728 -0.03658057257207199 0.019378655360744665 -0.020069635222444936 0.047564042625071336 -0.04978048981733024 1109.6128369587075 
0 0.36378616637528083 -0.1679071761992108 0.0 0.0 0.0 0.015774864795140897 0.008193215097421588 -1 -1 -1000 1000 -1000 1000 -1000 1000 -1000 1000 -1000 1000 0 
0 0.33142704179483706 -0.00611819853423512 0.0 0.0 0.0 0.5016591344226478 0.007244447490460203 1 1 0.4380307183467009 0.35265111082384787 0.021419386674414585 -0.021413057517777067 0.009278321059310007 -0.009706985586372698 0.004799557020785846 -0.004798451916215861 0.013543328722661507 -0.013539319218068117 592.5680884659947 
0 -0.8632010348739305 -0.5223258896873948 0.0 0.0 0.0 0.28374818349375286 0.0027425306491416102 1 1 -0.16322439596828092 -0.6089361168114645 0.06700280502126135 -0.06757370436390088 0.04541505318067832 -0.05154507676393341 0.017764636622852867 -0.017639488731902946 0.044128708917543356 -0.04450470538648315 -536.3798745711024 
0 0.9034413200574705 -0.6967316192539348 0.0 0.0 0.0 0.16644830336761307 0.004776667880300301 1 2 0.7560234961485833 -0.7560234961492359 0.11632504333661214 -0.11632504333600317 0.08607289253282349 -0.07147368238853133 0.0360264622890421 -0.03565433015039161 0.07317249307200216 -0.07317249307162185 7.905199939095553e-09 
0 -0.7667421717410883 0.8911616810371683 0.0 0.0 0.0 0.565730881039807 0.008278763185115843 1 2 1.6288646106839095 -1.6288646410138536 0.7662403009042189 -0.7662402715745523 0.29352840137449504 -0.1831682984846244 0.4058613315729654 -0.4039135162117826 0.48728321655790025 -0.48728319791482183 0.5829306086983196 
0 0.5999444779267089 0.10902486621173835 0.0 0.0 0.0 0.26500190140731295 0.012173163662372128 1 2 0.9206772812257783 -0.9206772812279547 0.19810278736702058 -0.1981027873639489 0.131707413427044 -0.08046197058140615 0.07496669760080438 -0.07593813596697044 0.12984854910240162 -0.12984854910038365 0.8969069264023042 
