14819.721075 0.770585 0.083452 0.092567 0.027404 0.055724
14819.757667 0.773595 0.081056 0.093554 0.026549 0.054222
14819.794259 0.776516 0.078617 0.094509 0.025682 0.052691
14819.830851 0.779348 0.076135 0.095433 0.024803 0.051133
14819.867442 0.782088 0.073612 0.096324 0.023914 0.049547
14819.904034 0.784734 0.071049 0.097183 0.023015 0.047933
14819.940626 0.787287 0.068446 0.098009 0.022107 0.046294
14819.977218 0.789743 0.065805 0.098801 0.021191 0.044630
14820.013810 0.792102 0.063128 0.099559 0.020266 0.042940
14820.050402 0.794363 0.060415 0.100284 0.019335 0.041227
14820.086993 0.796523 0.057668 0.100974 0.018397 0.039491
14820.123585 0.798583 0.054888 0.101630 0.017454 0.037732
14820.160177 0.800540 0.052078 0.102252 0.016506 0.035952
14820.196769 0.802393 0.049237 0.102838 0.015553 0.034152
14820.233361 0.804143 0.046368 0.103390 0.014596 0.032332
14820.269952 0.805786 0.043472 0.103906 0.013636 0.030493
14820.306544 0.807324 0.040552 0.104388 0.012674 0.028638
14820.343136 0.808754 0.037607 0.104834 0.011709 0.026765
14820.379728 0.810076 0.034641 0.105245 0.010743 0.024877
14820.416320 0.811289 0.031655 0.105620 0.009776 0.022975
14820.452911 0.812392 0.028651 0.105960 0.008808 0.021059
14820.489503 0.813385 0.025629 0.106265 0.007840 0.019132
14820.526095 0.814268 0.022593 0.106534 0.006872 0.017193
14820.562687 0.815039 0.019544 0.106767 0.005904 0.015244
14820.599279 0.815698 0.016484 0.106966 0.004938 0.013286
14820.635871 0.816245 0.013414 0.107129 0.003972 0.011321
14820.672462 0.816679 0.010337 0.107256 0.003008 0.009349
14820.709054 0.817001 0.007253 0.107349 0.002046 0.007371
14820.745646 0.817210 0.004166 0.107406 0.001086 0.005390
14820.782238 0.817306 0.001077 0.107428 0.000128 0.003406
14820.818830 0.817289 -0.002012 0.107416 -0.000827 0.001420
14820.855421 0.817159 -0.005099 0.107368 -0.001780 -0.000566
14820.892013 0.816916 -0.008183 0.107285 -0.002730 -0.002552
14820.928605 0.816560 -0.011261 0.107168 -0.003677 -0.004536
14820.965197 0.816092 -0.014331 0.107016 -0.004621 -0.006517
14821.001789 0.815512 -0.017393 0.106830 -0.005562 -0.008493
14821.038380 0.814819 -0.020443 0.106609 -0.006500 -0.010464
14821.074972 0.814016 -0.023480 0.106354 -0.007435 -0.012428
14821.111564 0.813101 -0.026503 0.106065 -0.008366 -0.014384
14821.148156 0.812076 -0.029509 0.105742 -0.009293 -0.016331
14821.184748 0.810942 -0.032497 0.105385 -0.010218 -0.018268
14821.221340 0.809698 -0.035464 0.104995 -0.011138 -0.020194
14821.257931 0.808347 -0.038410 0.104570 -0.012055 -0.022107
14821.294523 0.806888 -0.041332 0.104112 -0.012968 -0.024007
14821.331115 0.805322 -0.044230 0.103621 -0.013877 -0.025892
14821.367707 0.803651 -0.047100 0.103097 -0.014782 -0.027761
14821.404299 0.801875 -0.049942 0.102539 -0.015683 -0.029613
14821.440890 0.799996 -0.052755 0.101949 -0.016580 -0.031447
14821.477482 0.798015 -0.055535 0.101326 -0.017472 -0.033263
14821.514074 0.795933 -0.058284 0.100670 -0.018360 -0.035059
14821.550666 0.793750 -0.060997 0.099983 -0.019242 -0.036834
14821.587258 0.791469 -0.063675 0.099262 -0.020119 -0.038587
14821.623850 0.789090 -0.066317 0.098510 -0.020991 -0.040318
14821.660441 0.786616 -0.068920 0.097726 -0.021857 -0.042025
14821.697033 0.784047 -0.071483 0.096911 -0.022717 -0.043708
14821.733625 0.781385 -0.074006 0.096064 -0.023571 -0.045366
14821.770217 0.778632 -0.076487 0.095186 -0.024417 -0.046998
14821.806809 0.775788 -0.078926 0.094277 -0.025257 -0.048604
14821.843400 0.772856 -0.081320 0.093337 -0.026088 -0.050182
14821.879992 0.769837 -0.083670 0.092368 -0.026911 -0.051733
14821.916584 0.766733 -0.085974 0.091368 -0.027725 -0.053254
14821.953176 0.763546 -0.088232 0.090339 -0.028529 -0.054747
14821.989768 0.760277 -0.090443 0.089280 -0.029324 -0.056210
14822.026359 0.756928 -0.092605 0.088193 -0.030107 -0.057643
14822.062951 0.753500 -0.094719 0.087077 -0.030880 -0.059045
14822.099543 0.749996 -0.096784 0.085933 -0.031640 -0.060417
14822.136135 0.746418 -0.098799 0.084762 -0.032387 -0.061756
14822.172727 0.742767 -0.100763 0.083563 -0.033120 -0.063064
14822.209319 0.739044 -0.102677 0.082338 -0.033839 -0.064340
14822.245910 0.735253 -0.104540 0.081087 -0.034543 -0.065583
14822.282502 0.731394 -0.106352 0.079810 -0.035230 -0.066793
14822.319094 0.727470 -0.108112 0.078509 -0.035901 -0.067971
14822.355686 0.723483 -0.109820 0.077183 -0.036554 -0.069115
14822.392278 0.719434 -0.111477 0.075834 -0.037189 -0.070226
14822.428869 0.715325 -0.113081 0.074462 -0.037804 -0.071304
14822.465461 0.711159 -0.114633 0.073068 -0.038398 -0.072349
14822.502053 0.706937 -0.116133 0.071652 -0.038972 -0.073359
14822.538645 0.702660 -0.117581 0.070216 -0.039524 -0.074337
14822.575237 0.698332 -0.118977 0.068760 -0.040053 -0.075281
14822.611828 0.693954 -0.120321 0.067285 -0.040558 -0.076191
14822.648420 0.689527 -0.121614 0.065792 -0.041040 -0.077068
14822.685012 0.685054 -0.122856 0.064282 -0.041496 -0.077912
14822.721604 0.680537 -0.124046 0.062755 -0.041926 -0.078723
14822.758196 0.675977 -0.125185 0.061214 -0.042330 -0.079501
14822.794788 0.671376 -0.126275 0.059658 -0.042708 -0.080247
14822.831379 0.666736 -0.127314 0.058089 -0.043057 -0.080959
14822.867971 0.662059 -0.128304 0.056507 -0.043379 -0.081640
14822.904563 0.657347 -0.129244 0.054914 -0.043671 -0.082289
14822.941155 0.652601 -0.130136 0.053311 -0.043935 -0.082906
14822.977747 0.647824 -0.130980 0.051699 -0.044170 -0.083491
14823.014338 0.643016 -0.131777 0.050079 -0.044374 -0.084046
14823.050930 0.638180 -0.132526 0.048452 -0.044549 -0.084570
14823.087522 0.633318 -0.133229 0.046819 -0.044694 -0.085063
14823.124114 0.628431 -0.133887 0.045182 -0.044808 -0.085527
14823.160706 0.623520 -0.134499 0.043540 -0.044893 -0.085961
14823.197297 0.618588 -0.135067 0.041897 -0.044947 -0.086366
14823.233889 0.613636 -0.135592 0.040251 -0.044972 -0.086742
14823.270481 0.608666 -0.136073 0.038606 -0.044966 -0.087090
14823.307073 0.603678 -0.136512 0.036961 -0.044931 -0.087410
14823.343665 0.598676 -0.136909 0.035318 -0.044867 -0.087703
14823.380257 0.593659 -0.137266 0.033678 -0.044775 -0.087969
14823.416848 0.588631 -0.137582 0.032042 -0.044654 -0.088208
14823.453440 0.583591 -0.137859 0.030410 -0.044506 -0.088422
14823.490032 0.578542 -0.138097 0.028785 -0.044331 -0.088610
14823.526624 0.573485 -0.138298 0.027166 -0.044130 -0.088773
14823.563216 0.568421 -0.138461 0.025555 -0.043903 -0.088911
14823.599807 0.563352 -0.138588 0.023954 -0.043653 -0.089025
14823.636399 0.558279 -0.138680 0.022361 -0.043379 -0.089116
14823.672991 0.553204 -0.138737 0.020779 -0.043082 -0.089184
14823.709583 0.548127 -0.138760 0.019208 -0.042764 -0.089229
14823.746175 0.543049 -0.138749 0.017650 -0.042427 -0.089252
14823.782767 0.537973 -0.138707 0.016104 -0.042070 -0.089254
14823.819358 0.532898 -0.138632 0.014571 -0.041695 -0.089234
14823.855950 0.527828 -0.138527 0.013053 -0.041304 -0.089194
14823.892542 0.522761 -0.138392 0.011549 -0.040897 -0.089134
14823.929134 0.517700 -0.138227 0.010060 -0.040476 -0.089055
14823.965726 0.512645 -0.138034 0.008587 -0.040043 -0.088956
14824.002317 0.507598 -0.137813 0.007129 -0.039598 -0.088839
14824.038909 0.502560 -0.137565 0.005689 -0.039144 -0.088704
14824.075501 0.497531 -0.137291 0.004265 -0.038680 -0.088551
14824.112093 0.492513 -0.136992 0.002858 -0.038209 -0.088381
14824.148685 0.487506 -0.136667 0.001469 -0.037731 -0.088195
14824.185276 0.482511 -0.136319 0.000097 -0.037249 -0.087992
14824.221868 0.477530 -0.135947 -0.001257 -0.036763 -0.087774
14824.258460 0.472562 -0.135553 -0.002594 -0.036274 -0.087541
14824.295052 0.467610 -0.135138 -0.003912 -0.035783 -0.087293
14824.331644 0.462673 -0.134701 -0.005212 -0.035292 -0.087031
14824.368236 0.457752 -0.134243 -0.006495 -0.034802 -0.086756
14824.404827 0.452849 -0.133767 -0.007759 -0.034313 -0.086467
14824.441419 0.447963 -0.133271 -0.009006 -0.033826 -0.086165
14824.478011 0.443096 -0.132757 -0.010235 -0.033343 -0.085851
14824.514603 0.438247 -0.132226 -0.011446 -0.032863 -0.085525
14824.551195 0.433419 -0.131678 -0.012640 -0.032388 -0.085187
14824.587786 0.428611 -0.131113 -0.013816 -0.031918 -0.084839
14824.624378 0.423824 -0.130533 -0.014976 -0.031453 -0.084480
14824.660970 0.419058 -0.129939 -0.016118 -0.030994 -0.084111
14824.697562 0.414315 -0.129330 -0.017244 -0.030542 -0.083732
14824.734154 0.409594 -0.128708 -0.018354 -0.030095 -0.083344
14824.770745 0.404896 -0.128073 -0.019447 -0.029656 -0.082948
14824.807337 0.400221 -0.127426 -0.020524 -0.029223 -0.082542
14824.843929 0.395570 -0.126767 -0.021585 -0.028796 -0.082129
14824.880521 0.390944 -0.126097 -0.022631 -0.028376 -0.081708
14824.917113 0.386342 -0.125417 -0.023662 -0.027962 -0.081280
14824.953705 0.381766 -0.124727 -0.024678 -0.027554 -0.080845
14824.990296 0.377214 -0.124027 -0.025679 -0.027152 -0.080404
14825.026888 0.372689 -0.123319 -0.026665 -0.026755 -0.079957
14825.063480 0.368189 -0.122603 -0.027637 -0.026363 -0.079504
14825.100072 0.363716 -0.121880 -0.028594 -0.025976 -0.079045
14825.136664 0.359270 -0.121149 -0.029538 -0.025593 -0.078582
14825.173255 0.354850 -0.120412 -0.030467 -0.025213 -0.078114
14825.209847 0.350458 -0.119669 -0.031383 -0.024837 -0.077641
14825.246439 0.346093 -0.118921 -0.032285 -0.024462 -0.077165
14825.283031 0.341755 -0.118167 -0.033173 -0.024090 -0.076685
14825.319623 0.337445 -0.117410 -0.034048 -0.023719 -0.076202
14825.356214 0.333162 -0.116647 -0.034909 -0.023348 -0.075715
14825.392806 0.328908 -0.115882 -0.035757 -0.022978 -0.075226
14825.429398 0.324682 -0.115113 -0.036591 -0.022608 -0.074735
14825.465990 0.320484 -0.114341 -0.037411 -0.022237 -0.074241
14825.502582 0.316314 -0.113567 -0.038218 -0.021865 -0.073745
14825.539174 0.312172 -0.112791 -0.039012 -0.021492 -0.073248
14825.575765 0.308059 -0.112013 -0.039791 -0.021117 -0.072749
14825.612357 0.303975 -0.111235 -0.040557 -0.020739 -0.072250
14825.648949 0.299919 -0.110455 -0.041309 -0.020360 -0.071749
14825.685541 0.295891 -0.109674 -0.042047 -0.019977 -0.071248
14825.722133 0.291893 -0.108894 -0.042771 -0.019593 -0.070746
14825.758724 0.287922 -0.108113 -0.043481 -0.019206 -0.070244
14825.795316 0.283980 -0.107333 -0.044176 -0.018816 -0.069742
14825.831908 0.280067 -0.106553 -0.044858 -0.018424 -0.069240
14825.868500 0.276183 -0.105774 -0.045525 -0.018030 -0.068738
14825.905092 0.272326 -0.104997 -0.046177 -0.017635 -0.068237
14825.941684 0.268498 -0.104220 -0.046815 -0.017237 -0.067737
14825.978275 0.264699 -0.103446 -0.047439 -0.016839 -0.067237
14826.014867 0.260928 -0.102673 -0.048048 -0.016440 -0.066738
14826.051459 0.257185 -0.101902 -0.048642 -0.016040 -0.066241
14826.088051 0.253470 -0.101134 -0.049221 -0.015642 -0.065745
14826.124643 0.249784 -0.100368 -0.049787 -0.015244 -0.065250
14826.161234 0.246125 -0.099605 -0.050337 -0.014848 -0.064757
14826.197826 0.242494 -0.098845 -0.050873 -0.014455 -0.064265
14826.234418 0.238891 -0.098088 -0.051395 -0.014065 -0.063776
14826.271010 0.235316 -0.097334 -0.051903 -0.013678 -0.063288
14826.307602 0.231768 -0.096583 -0.052396 -0.013297 -0.062802
14826.344193 0.228247 -0.095836 -0.052876 -0.012920 -0.062318
14826.380785 0.224754 -0.095092 -0.053342 -0.012550 -0.061837
14826.417377 0.221288 -0.094353 -0.053794 -0.012187 -0.061358
14826.453969 0.217849 -0.093617 -0.054234 -0.011831 -0.060881
14826.490561 0.214437 -0.092885 -0.054660 -0.011484 -0.060407
14826.527153 0.211051 -0.092158 -0.055074 -0.011146 -0.059935
14826.563744 0.207692 -0.091435 -0.055476 -0.010817 -0.059466
14826.600336 0.204360 -0.090717 -0.055866 -0.010498 -0.059000
14826.636928 0.201053 -0.090003 -0.056245 -0.010190 -0.058537
14826.673520 0.197773 -0.089293 -0.056612 -0.009893 -0.058077
14826.710112 0.194518 -0.088589 -0.056969 -0.009608 -0.057619
14826.746703 0.191290 -0.087890 -0.057315 -0.009334 -0.057165
14826.783295 0.188086 -0.087195 -0.057652 -0.009071 -0.056714
14826.819887 0.184908 -0.086506 -0.057979 -0.008821 -0.056266
14826.856479 0.181755 -0.085822 -0.058298 -0.008583 -0.055821
14826.893071 0.178628 -0.085143 -0.058607 -0.008357 -0.055380
14826.929662 0.175524 -0.084469 -0.058909 -0.008143 -0.054942
14826.966254 0.172446 -0.083801 -0.059204 -0.007940 -0.054508
14827.002846 0.169391 -0.083139 -0.059491 -0.007749 -0.054077
14827.039438 0.166361 -0.082482 -0.059771 -0.007569 -0.053649
14827.076030 0.163355 -0.081832 -0.060045 -0.007400 -0.053225
14827.112622 0.160372 -0.081187 -0.060312 -0.007240 -0.052805
14827.149213 0.157413 -0.080547 -0.060575 -0.007091 -0.052389
14827.185805 0.154478 -0.079914 -0.060832 -0.006950 -0.051976
14827.222397 0.151565 -0.079287 -0.061083 -0.006817 -0.051568
14827.258989 0.148675 -0.078666 -0.061330 -0.006692 -0.051163
14827.295581 0.145808 -0.078052 -0.061573 -0.006573 -0.050762
14827.332172 0.142963 -0.077443 -0.061812 -0.006460 -0.050365
14827.368764 0.140140 -0.076841 -0.062046 -0.006352 -0.049972
14827.405356 0.137339 -0.076245 -0.062277 -0.006249 -0.049583
14827.441948 0.134560 -0.075656 -0.062503 -0.006148 -0.049198
14827.478540 0.131802 -0.075073 -0.062727 -0.006050 -0.048818
14827.515131 0.129066 -0.074496 -0.062946 -0.005954 -0.048441
14827.551723 0.126350 -0.073926 -0.063162 -0.005858 -0.048069
14827.588315 0.123656 -0.073363 -0.063375 -0.005763 -0.047701
14827.624907 0.120981 -0.072806 -0.063584 -0.005666 -0.047337
14827.661499 0.118327 -0.072256 -0.063790 -0.005568 -0.046977
14827.698091 0.115693 -0.071713 -0.063991 -0.005468 -0.046621
14827.734682 0.113079 -0.071176 -0.064190 -0.005364 -0.046270
14827.771274 0.110484 -0.070646 -0.064384 -0.005258 -0.045923
14827.807866 0.107909 -0.070123 -0.064574 -0.005147 -0.045581
14827.844458 0.105352 -0.069606 -0.064761 -0.005032 -0.045242
14827.881050 0.102815 -0.069096 -0.064943 -0.004913 -0.044909
14827.917641 0.100296 -0.068593 -0.065120 -0.004788 -0.044579
14827.954233 0.097795 -0.068097 -0.065293 -0.004659 -0.044254
14827.990825 0.095312 -0.067608 -0.065461 -0.004524 -0.043933
14828.027417 0.092847 -0.067125 -0.065624 -0.004384 -0.043616
14828.064009 0.090399 -0.066649 -0.065782 -0.004239 -0.043304
14828.100601 0.087969 -0.066180 -0.065934 -0.004089 -0.042996
14828.137192 0.085556 -0.065718 -0.066081 -0.003935 -0.042693
14828.173784 0.083160 -0.065262 -0.066222 -0.003776 -0.042394
14828.210376 0.080780 -0.064813 -0.066357 -0.003613 -0.042099
14828.246968 0.078416 -0.064371 -0.066486 -0.003447 -0.041809
14828.283560 0.076069 -0.063935 -0.066609 -0.003278 -0.041523
14828.320151 0.073737 -0.063507 -0.066726 -0.003106 -0.041241
14828.356743 0.071421 -0.063085 -0.066837 -0.002933 -0.040964
14828.393335 0.069120 -0.062669 -0.066941 -0.002759 -0.040690
14828.429927 0.066835 -0.062261 -0.067039 -0.002584 -0.040422
14828.466519 0.064564 -0.061858 -0.067130 -0.002410 -0.040157
14828.503110 0.062308 -0.061463 -0.067215 -0.002237 -0.039897
14828.539702 0.060066 -0.061074 -0.067294 -0.002066 -0.039641
14828.576294 0.057838 -0.060692 -0.067366 -0.001898 -0.039389
14828.612886 0.055624 -0.060317 -0.067433 -0.001733 -0.039142
14828.649478 0.053424 -0.059948 -0.067493 -0.001572 -0.038899
14828.686070 0.051237 -0.059585 -0.067548 -0.001417 -0.038660
14828.722661 0.049063 -0.059229 -0.067597 -0.001267 -0.038425
14828.759253 0.046902 -0.058880 -0.067641 -0.001123 -0.038194
14828.795845 0.044754 -0.058537 -0.067679 -0.000986 -0.037968
14828.832437 0.042618 -0.058201 -0.067713 -0.000856 -0.037746
14828.869029 0.040494 -0.057871 -0.067742 -0.000734 -0.037528
14828.905620 0.038383 -0.057548 -0.067767 -0.000620 -0.037314
14828.942212 0.036283 -0.057231 -0.067787 -0.000515 -0.037105
14828.978804 0.034194 -0.056921 -0.067804 -0.000418 -0.036900
14829.015396 0.032117 -0.056617 -0.067818 -0.000330 -0.036698
14829.051988 0.030051 -0.056320 -0.067829 -0.000252 -0.036501
14829.088579 0.027995 -0.056029 -0.067837 -0.000182 -0.036309
14829.125171 0.025950 -0.055744 -0.067842 -0.000121 -0.036120
14829.161763 0.023915 -0.055466 -0.067846 -0.000069 -0.035935
14829.198355 0.021891 -0.055195 -0.067847 -0.000025 -0.035755
14829.234947 0.019876 -0.054929 -0.067847 0.000011 -0.035579
14829.271539 0.017871 -0.054670 -0.067847 0.000039 -0.035406
14829.308130 0.015875 -0.054418 -0.067845 0.000060 -0.035238
14829.344722 0.013888 -0.054172 -0.067842 0.000074 -0.035074
14829.381314 0.011910 -0.053932 -0.067839 0.000083 -0.034914
14829.417906 0.009941 -0.053698 -0.067836 0.000086 -0.034759
14829.454498 0.007980 -0.053471 -0.067833 0.000084 -0.034607
14829.491089 0.006028 -0.053250 -0.067830 0.000079 -0.034459
14829.527681 0.004083 -0.053036 -0.067827 0.000070 -0.034316
14829.564273 0.002146 -0.052828 -0.067825 0.000059 -0.034176
14829.600865 0.000217 -0.052626 -0.067823 0.000047 -0.034041
14829.637457 -0.001705 -0.052430 -0.067822 0.000034 -0.033909
14829.674048 -0.003620 -0.052240 -0.067821 0.000021 -0.033782
14829.710640 -0.005528 -0.052057 -0.067820 0.000010 -0.033658
14829.747232 -0.007430 -0.051880 -0.067820 0.000000 -0.033539
14829.783824 -0.009325 -0.051709 -0.067820 -0.000007 -0.033424
14829.820416 -0.011214 -0.051545 -0.067820 -0.000010 -0.033312
14829.857008 -0.013097 -0.051386 -0.067821 -0.000010 -0.033205
14829.893599 -0.014975 -0.051234 -0.067821 -0.000004 -0.033101
14829.930191 -0.016847 -0.051087 -0.067821 0.000006 -0.033002
14829.966783 -0.018714 -0.050947 -0.067820 0.000023 -0.032906
14830.003375 -0.020575 -0.050813 -0.067819 0.000045 -0.032815
14830.039967 -0.022432 -0.050685 -0.067817 0.000075 -0.032727
14830.076558 -0.024285 -0.050563 -0.067814 0.000111 -0.032643
14830.113150 -0.026133 -0.050447 -0.067809 0.000155 -0.032563
14830.149742 -0.027977 -0.050337 -0.067802 0.000206 -0.032487
14830.186334 -0.029817 -0.050233 -0.067794 0.000264 -0.032415
14830.222926 -0.031653 -0.050135 -0.067783 0.000330 -0.032347
14830.259518 -0.033486 -0.050043 -0.067769 0.000403 -0.032282
14830.296109 -0.035316 -0.049957 -0.067753 0.000483 -0.032222
14830.332701 -0.037142 -0.049877 -0.067734 0.000570 -0.032165
14830.369293 -0.038966 -0.049803 -0.067711 0.000663 -0.032112
14830.405885 -0.040787 -0.049734 -0.067685 0.000763 -0.032063
14830.442477 -0.042606 -0.049672 -0.067655 0.000868 -0.032017
14830.479068 -0.044422 -0.049615 -0.067622 0.000978 -0.031976
14830.515660 -0.046237 -0.049565 -0.067584 0.001092 -0.031938
14830.552252 -0.048050 -0.049520 -0.067542 0.001210 -0.031904
14830.588844 -0.049861 -0.049481 -0.067495 0.001331 -0.031874
14830.625436 -0.051671 -0.049447 -0.067444 0.001454 -0.031847
14830.662027 -0.053480 -0.049420 -0.067389 0.001579 -0.031824
14830.698619 -0.055288 -0.049398 -0.067329 0.001705 -0.031805
14830.735211 -0.057095 -0.049382 -0.067264 0.001831 -0.031790
14830.771803 -0.058902 -0.049372 -0.067195 0.001956 -0.031779
14830.808395 -0.060708 -0.049368 -0.067121 0.002079 -0.031771
14830.844987 -0.062515 -0.049370 -0.067043 0.002200 -0.031767
14830.881578 -0.064321 -0.049377 -0.066960 0.002319 -0.031766
14830.918170 -0.066128 -0.049390 -0.066873 0.002433 -0.031770
14830.954762 -0.067936 -0.049409 -0.066782 0.002544 -0.031777
14830.991354 -0.069744 -0.049434 -0.066687 0.002649 -0.031787
14831.027946 -0.071554 -0.049464 -0.066588 0.002750 -0.031802
14831.064537 -0.073364 -0.049500 -0.066486 0.002844 -0.031820
14831.101129 -0.075176 -0.049542 -0.066380 0.002932 -0.031842
14831.137721 -0.076990 -0.049590 -0.066271 0.003014 -0.031868
14831.174313 -0.078806 -0.049643 -0.066160 0.003089 -0.031897
14831.210905 -0.080623 -0.049702 -0.066045 0.003157 -0.031930
14831.247496 -0.082443 -0.049767 -0.065929 0.003218 -0.031966
14831.284088 -0.084265 -0.049837 -0.065810 0.003272 -0.032007
14831.320680 -0.086090 -0.049914 -0.065689 0.003319 -0.032051
14831.357272 -0.087918 -0.049995 -0.065567 0.003359 -0.032098
14831.393864 -0.089749 -0.050083 -0.065444 0.003393 -0.032150
14831.430456 -0.091584 -0.050176 -0.065319 0.003420 -0.032205
14831.467047 -0.093421 -0.050275 -0.065193 0.003442 -0.032263
14831.503639 -0.095263 -0.050380 -0.065067 0.003458 -0.032326
14831.540231 -0.097108 -0.050490 -0.064940 0.003469 -0.032392
14831.576823 -0.098958 -0.050605 -0.064813 0.003476 -0.032461
14831.613415 -0.100812 -0.050727 -0.064686 0.003480 -0.032534
14831.650006 -0.102671 -0.050854 -0.064559 0.003480 -0.032611
14831.686598 -0.104534 -0.050986 -0.064431 0.003478 -0.032691
14831.723190 -0.106402 -0.051124 -0.064304 0.003475 -0.032775
14831.759782 -0.108275 -0.051267 -0.064177 0.003471 -0.032863
14831.796374 -0.110154 -0.051416 -0.064050 0.003467 -0.032953
14831.832965 -0.112038 -0.051571 -0.063923 0.003465 -0.033048
14831.869557 -0.113928 -0.051730 -0.063797 0.003463 -0.033146
14831.906149 -0.115824 -0.051896 -0.063670 0.003465 -0.033247
14831.942741 -0.117726 -0.052066 -0.063543 0.003469 -0.033352
14831.979333 -0.119634 -0.052242 -0.063416 0.003478 -0.033461
14832.015925 -0.121549 -0.052423 -0.063288 0.003491 -0.033573
14832.052516 -0.123471 -0.052610 -0.063160 0.003510 -0.033688
14832.089108 -0.125400 -0.052801 -0.063031 0.003535 -0.033807
14832.125700 -0.127335 -0.052998 -0.062901 0.003566 -0.033929
14832.162292 -0.129278 -0.053201 -0.062770 0.003605 -0.034054
14832.198884 -0.131229 -0.053408 -0.062638 0.003651 -0.034183
14832.235475 -0.133187 -0.053620 -0.062503 0.003705 -0.034315
14832.272067 -0.135153 -0.053838 -0.062366 0.003767 -0.034451
14832.308659 -0.137127 -0.054061 -0.062227 0.003838 -0.034590
14832.345251 -0.139109 -0.054289 -0.062085 0.003917 -0.034732
14832.381843 -0.141100 -0.054522 -0.061940 0.004004 -0.034877
14832.418435 -0.143100 -0.054759 -0.061792 0.004101 -0.035026
14832.455026 -0.145108 -0.055002 -0.061640 0.004206 -0.035178
14832.491618 -0.147125 -0.055250 -0.061484 0.004319 -0.035333
14832.528210 -0.149151 -0.055503 -0.061324 0.004440 -0.035491
14832.564802 -0.151187 -0.055761 -0.061159 0.004569 -0.035652
14832.601394 -0.153232 -0.056023 -0.060990 0.004705 -0.035817
14832.637985 -0.155287 -0.056291 -0.060815 0.004848 -0.035985
14832.674577 -0.157352 -0.056563 -0.060635 0.004998 -0.036156
14832.711169 -0.159426 -0.056840 -0.060449 0.005153 -0.036330
14832.747761 -0.161511 -0.057122 -0.060257 0.005314 -0.036507
14832.784353 -0.163607 -0.057409 -0.060060 0.005479 -0.036687
14832.820944 -0.165713 -0.057701 -0.059856 0.005648 -0.036871
14832.857536 -0.167830 -0.057997 -0.059647 0.005821 -0.037057
14832.894128 -0.169957 -0.058298 -0.059430 0.005995 -0.037247
14832.930720 -0.172096 -0.058604 -0.059208 0.006172 -0.037440
14832.967312 -0.174246 -0.058915 -0.058979 0.006349 -0.037635
14833.003904 -0.176408 -0.059230 -0.058743 0.006527 -0.037834
14833.040495 -0.178581 -0.059550 -0.058501 0.006704 -0.038036
14833.077087 -0.180766 -0.059875 -0.058253 0.006881 -0.038240
14833.113679 -0.182963 -0.060204 -0.057998 0.007055 -0.038448
14833.150271 -0.185172 -0.060538 -0.057736 0.007227 -0.038659
14833.186863 -0.187393 -0.060876 -0.057469 0.007396 -0.038873
14833.223454 -0.189627 -0.061219 -0.057195 0.007562 -0.039089
14833.260046 -0.191874 -0.061566 -0.056915 0.007724 -0.039309
14833.296638 -0.194133 -0.061918 -0.056630 0.007882 -0.039531
14833.333230 -0.196405 -0.062275 -0.056339 0.008035 -0.039756
14833.369822 -0.198691 -0.062635 -0.056042 0.008183 -0.039985
14833.406413 -0.200989 -0.063000 -0.055740 0.008326 -0.040216
14833.443005 -0.203301 -0.063370 -0.055433 0.008464 -0.040449
14833.479597 -0.205627 -0.063743 -0.055120 0.008597 -0.040686
14833.516189 -0.207966 -0.064121 -0.054803 0.008725 -0.040925
14833.552781 -0.210319 -0.064503 -0.054482 0.008848 -0.041167
14833.589373 -0.212687 -0.064889 -0.054156 0.008966 -0.041412
14833.625964 -0.215068 -0.065279 -0.053826 0.009079 -0.041659
14833.662556 -0.217464 -0.065672 -0.053492 0.009188 -0.041909
14833.699148 -0.219874 -0.066070 -0.053153 0.009294 -0.042162
14833.735740 -0.222299 -0.066472 -0.052811 0.009396 -0.042417
14833.772332 -0.224739 -0.066877 -0.052466 0.009495 -0.042674
14833.808923 -0.227194 -0.067286 -0.052117 0.009592 -0.042934
14833.845515 -0.229663 -0.067698 -0.051764 0.009688 -0.043196
14833.882107 -0.232148 -0.068114 -0.051408 0.009782 -0.043460
14833.918699 -0.234648 -0.068533 -0.051048 0.009876 -0.043727
14833.955291 -0.237164 -0.068955 -0.050685 0.009971 -0.043996
14833.991882 -0.239695 -0.069380 -0.050318 0.010066 -0.044266
14834.028474 -0.242241 -0.069809 -0.049948 0.010164 -0.044539
14834.065066 -0.244804 -0.070240 -0.049574 0.010264 -0.044814
14834.101658 -0.247382 -0.070674 -0.049197 0.010367 -0.045091
14834.138250 -0.249976 -0.071110 -0.048816 0.010474 -0.045369
14834.174842 -0.252586 -0.071550 -0.048430 0.010586 -0.045650
14834.211433 -0.255212 -0.071991 -0.048041 0.010704 -0.045931
14834.248025 -0.257854 -0.072435 -0.047647 0.010827 -0.046215
14834.284617 -0.260513 -0.072881 -0.047248 0.010957 -0.046500
14834.321209 -0.263188 -0.073329 -0.046845 0.011094 -0.046786
14834.357801 -0.265880 -0.073779 -0.046436 0.011239 -0.047074
14834.394392 -0.268588 -0.074230 -0.046022 0.011392 -0.047363
14834.430984 -0.271312 -0.074683 -0.045603 0.011553 -0.047653
14834.467576 -0.274053 -0.075138 -0.045177 0.011722 -0.047944
14834.504168 -0.276811 -0.075594 -0.044745 0.011901 -0.048236
14834.540760 -0.279585 -0.076051 -0.044306 0.012088 -0.048529
14834.577352 -0.282377 -0.076509 -0.043860 0.012285 -0.048823
14834.613943 -0.285185 -0.076968 -0.043407 0.012491 -0.049117
14834.650535 -0.288009 -0.077428 -0.042946 0.012706 -0.049412
14834.687127 -0.290851 -0.077888 -0.042477 0.012929 -0.049708
14834.723719 -0.293710 -0.078349 -0.041999 0.013162 -0.050004
14834.760311 -0.296585 -0.078810 -0.041513 0.013403 -0.050300
14834.796902 -0.299477 -0.079271 -0.041018 0.013652 -0.050596
14834.833494 -0.302386 -0.079732 -0.040514 0.013908 -0.050893
14834.870086 -0.305312 -0.080193 -0.040000 0.014172 -0.051190
14834.906678 -0.308255 -0.080654 -0.039477 0.014442 -0.051486
14834.943270 -0.311215 -0.081114 -0.038943 0.014719 -0.051782
14834.979861 -0.314191 -0.081573 -0.038400 0.015001 -0.052079
14835.016453 -0.317185 -0.082032 -0.037845 0.015288 -0.052374
14835.053045 -0.320195 -0.082490 -0.037281 0.015579 -0.052669
14835.089637 -0.323222 -0.082946 -0.036705 0.015873 -0.052964
14835.126229 -0.326265 -0.083401 -0.036119 0.016170 -0.053258
14835.162821 -0.329325 -0.083855 -0.035522 0.016470 -0.053551
14835.199412 -0.332402 -0.084306 -0.034914 0.016770 -0.053843
14835.236004 -0.335495 -0.084756 -0.034295 0.017071 -0.054134
14835.272596 -0.338605 -0.085204 -0.033664 0.017372 -0.054424
14835.309188 -0.341731 -0.085650 -0.033023 0.017672 -0.054712
14835.345780 -0.344873 -0.086093 -0.032371 0.017971 -0.054999
14835.382371 -0.348031 -0.086533 -0.031708 0.018267 -0.055285
14835.418963 -0.351205 -0.086971 -0.031034 0.018561 -0.055569
14835.455555 -0.354396 -0.087405 -0.030350 0.018851 -0.055851
14835.492147 -0.357602 -0.087836 -0.029655 0.019138 -0.056131
14835.528739 -0.360824 -0.088263 -0.028949 0.019420 -0.056409
14835.565330 -0.364061 -0.088687 -0.028234 0.019697 -0.056684
14835.601922 -0.367314 -0.089107 -0.027508 0.019969 -0.056958
14835.638514 -0.370583 -0.089522 -0.026772 0.020236 -0.057228
14835.675106 -0.373866 -0.089932 -0.026027 0.020497 -0.057497
14835.711698 -0.377164 -0.090338 -0.025272 0.020752 -0.057762
14835.748290 -0.380477 -0.090739 -0.024508 0.021001 -0.058024
14835.784881 -0.383805 -0.091134 -0.023735 0.021245 -0.058283
14835.821473 -0.387147 -0.091524 -0.022954 0.021482 -0.058538
14835.858065 -0.390503 -0.091908 -0.022163 0.021713 -0.058790
14835.894657 -0.393873 -0.092285 -0.021365 0.021938 -0.059038
14835.931249 -0.397256 -0.092656 -0.020558 0.022157 -0.059282
14835.967840 -0.400653 -0.093020 -0.019743 0.022371 -0.059522
14836.004432 -0.404064 -0.093376 -0.018921 0.022579 -0.059758
14836.041024 -0.407487 -0.093726 -0.018091 0.022783 -0.059989
14836.077616 -0.410923 -0.094067 -0.017254 0.022981 -0.060215
14836.114208 -0.414371 -0.094400 -0.016409 0.023176 -0.060436
14836.150799 -0.417831 -0.094724 -0.015558 0.023366 -0.060652
14836.187391 -0.421303 -0.095039 -0.014699 0.023553 -0.060863
14836.223983 -0.424786 -0.095345 -0.013834 0.023737 -0.061067
14836.260575 -0.428281 -0.095642 -0.012962 0.023918 -0.061266
14836.297167 -0.431786 -0.095928 -0.012084 0.024096 -0.061459
14836.333759 -0.435301 -0.096203 -0.011199 0.024273 -0.061645
14836.370350 -0.438826 -0.096468 -0.010307 0.024449 -0.061825
14836.406942 -0.442361 -0.096722 -0.009409 0.024623 -0.061998
14836.443534 -0.445904 -0.096964 -0.008505 0.024797 -0.062163
14836.480126 -0.449457 -0.097194 -0.007595 0.024971 -0.062322
14836.516718 -0.453017 -0.097412 -0.006678 0.025144 -0.062472
14836.553309 -0.456586 -0.097617 -0.005754 0.025318 -0.062615
14836.589901 -0.460161 -0.097808 -0.004825 0.025493 -0.062750
14836.626493 -0.463743 -0.097987 -0.003889 0.025668 -0.062876
14836.663085 -0.467332 -0.098151 -0.002946 0.025844 -0.062994
14836.699677 -0.470926 -0.098300 -0.001997 0.026021 -0.063102
14836.736269 -0.474526 -0.098435 -0.001042 0.026199 -0.063202
14836.772860 -0.478130 -0.098555 -0.000080 0.026378 -0.063292
14836.809452 -0.481738 -0.098660 0.000888 0.026558 -0.063372
14836.846044 -0.485350 -0.098748 0.001864 0.026739 -0.063443
14836.882636 -0.488965 -0.098820 0.002845 0.026921 -0.063503
14836.919228 -0.492582 -0.098875 0.003834 0.027102 -0.063553
14836.955819 -0.496201 -0.098913 0.004829 0.027284 -0.063593
14836.992411 -0.499820 -0.098934 0.005830 0.027465 -0.063621
14837.029003 -0.503441 -0.098937 0.006839 0.027646 -0.063638
14837.065595 -0.507061 -0.098922 0.007854 0.027825 -0.063644
14837.102187 -0.510680 -0.098888 0.008875 0.028003 -0.063638
14837.138778 -0.514297 -0.098835 0.009903 0.028178 -0.063621
14837.175370 -0.517913 -0.098763 0.010937 0.028349 -0.063591
14837.211962 -0.521525 -0.098671 0.011978 0.028518 -0.063549
14837.248554 -0.525134 -0.098559 0.013024 0.028681 -0.063494
14837.285146 -0.528738 -0.098427 0.014077 0.028840 -0.063427
14837.321738 -0.532337 -0.098274 0.015135 0.028993 -0.063347
14837.358329 -0.535930 -0.098101 0.016198 0.029139 -0.063253
14837.394921 -0.539516 -0.097906 0.017267 0.029277 -0.063146
14837.431513 -0.543094 -0.097689 0.018341 0.029407 -0.063026
14837.468105 -0.546665 -0.097451 0.019419 0.029528 -0.062891
14837.504697 -0.550226 -0.097190 0.020502 0.029639 -0.062743
14837.541288 -0.553777 -0.096906 0.021588 0.029740 -0.062580
14837.577880 -0.557318 -0.096600 0.022678 0.029829 -0.062403
14837.614472 -0.560846 -0.096271 0.023771 0.029905 -0.062211
14837.651064 -0.564363 -0.095918 0.024866 0.029969 -0.062004
14837.687656 -0.567866 -0.095542 0.025964 0.030019 -0.061783
14837.724247 -0.571355 -0.095142 0.027063 0.030055 -0.061546
14837.760839 -0.574828 -0.094718 0.028163 0.030075 -0.061294
14837.797431 -0.578286 -0.094269 0.029264 0.030080 -0.061027
14837.834023 -0.581727 -0.093795 0.030364 0.030069 -0.060744
14837.870615 -0.585150 -0.093297 0.031464 0.030041 -0.060445
14837.907207 -0.588554 -0.092774 0.032563 0.029997 -0.060130
14837.943798 -0.591939 -0.092225 0.033659 0.029935 -0.059799
14837.980390 -0.595303 -0.091651 0.034753 0.029855 -0.059452
14838.016982 -0.598646 -0.091051 0.035844 0.029757 -0.059089
14838.053574 -0.601967 -0.090425 0.036931 0.029641 -0.058709
14838.090166 -0.605264 -0.089774 0.038013 0.029507 -0.058312
14838.126757 -0.608536 -0.089096 0.039090 0.029354 -0.057899
14838.163349 -0.611784 -0.088391 0.040161 0.029184 -0.057469
14838.199941 -0.615005 -0.087661 0.041226 0.028995 -0.057022
14838.236533 -0.618199 -0.086903 0.042283 0.028788 -0.056557
14838.273125 -0.621364 -0.086119 0.043332 0.028563 -0.056076
14838.309716 -0.624501 -0.085308 0.044373 0.028320 -0.055578
14838.346308 -0.627607 -0.084470 0.045405 0.028061 -0.055063
14838.382900 -0.630682 -0.083605 0.046426 0.027784 -0.054530
14838.419492 -0.633725 -0.082713 0.047438 0.027491 -0.053980
14838.456084 -0.636735 -0.081794 0.048438 0.027181 -0.053412
14838.492676 -0.639711 -0.080848 0.049427 0.026857 -0.052827
14838.529267 -0.642652 -0.079874 0.050403 0.026517 -0.052225
14838.565859 -0.645556 -0.078874 0.051367 0.026163 -0.051605
14838.602451 -0.648424 -0.077847 0.052318 0.025795 -0.050968
14838.639043 -0.651253 -0.076792 0.053255 0.025414 -0.050313
14838.675635 -0.654043 -0.075711 0.054178 0.025021 -0.049641
14838.712226 -0.656793 -0.074603 0.055086 0.024616 -0.048952
14838.748818 -0.659503 -0.073468 0.055979 0.024200 -0.048245
14838.785410 -0.662170 -0.072307 0.056857 0.023773 -0.047521
14838.822002 -0.664794 -0.071119 0.057719 0.023337 -0.046781
14838.858594 -0.667374 -0.069905 0.058564 0.022892 -0.046023
14838.895186 -0.669909 -0.068665 0.059394 0.022439 -0.045248
14838.931777 -0.672399 -0.067399 0.060207 0.021978 -0.044456
14838.968369 -0.674842 -0.066107 0.061002 0.021510 -0.043648
14839.004961 -0.677237 -0.064791 0.061781 0.021036 -0.042823
14839.041553 -0.679583 -0.063449 0.062542 0.020557 -0.041982
14839.078145 -0.681880 -0.062082 0.063285 0.020072 -0.041125
14839.114736 -0.684126 -0.060692 0.064011 0.019582 -0.040252
14839.151328 -0.686321 -0.059277 0.064718 0.019089 -0.039363
14839.187920 -0.688464 -0.057839 0.065407 0.018591 -0.038459
14839.224512 -0.690554 -0.056378 0.066079 0.018091 -0.037539
14839.261104 -0.692590 -0.054894 0.066731 0.017588 -0.036605
14839.297695 -0.694571 -0.053388 0.067366 0.017082 -0.035656
14839.334287 -0.696496 -0.051861 0.067982 0.016575 -0.034692
14839.370879 -0.698366 -0.050312 0.068579 0.016065 -0.033715
14839.407471 -0.700178 -0.048743 0.069157 0.015554 -0.032724
14839.444063 -0.701933 -0.047153 0.069717 0.015041 -0.031719
14839.480655 -0.703629 -0.045544 0.070258 0.014526 -0.030702
14839.517246 -0.705266 -0.043917 0.070780 0.014011 -0.029671
14839.553838 -0.706843 -0.042271 0.071283 0.013494 -0.028629
14839.590430 -0.708359 -0.040608 0.071768 0.012975 -0.027575
14839.627022 -0.709814 -0.038928 0.072233 0.012456 -0.026509
14839.663614 -0.711208 -0.037232 0.072679 0.011934 -0.025433
14839.700205 -0.712539 -0.035520 0.073106 0.011411 -0.024346
14839.736797 -0.713807 -0.033794 0.073514 0.010887 -0.023248
14839.773389 -0.715012 -0.032054 0.073903 0.010360 -0.022142
14839.809981 -0.716153 -0.030301 0.074272 0.009832 -0.021026
14839.846573 -0.717229 -0.028536 0.074622 0.009301 -0.019901
14839.883164 -0.718241 -0.026759 0.074953 0.008767 -0.018769
14839.919756 -0.719187 -0.024971 0.075264 0.008231 -0.017629
14839.956348 -0.720068 -0.023173 0.075555 0.007691 -0.016481
14839.992940 -0.720883 -0.021367 0.075827 0.007149 -0.015328
14840.029532 -0.721632 -0.019552 0.076078 0.006603 -0.014168
14840.066124 -0.722314 -0.017730 0.076310 0.006053 -0.013003
14840.102715 -0.722929 -0.015902 0.076521 0.005500 -0.011833
14840.139307 -0.723478 -0.014068 0.076712 0.004942 -0.010658
14840.175899 -0.723959 -0.012229 0.076883 0.004380 -0.009480
14840.212491 -0.724373 -0.010386 0.077033 0.003814 -0.008299
14840.249083 -0.724719 -0.008541 0.077162 0.003244 -0.007115
14840.285674 -0.724998 -0.006693 0.077270 0.002668 -0.005928
14840.322266 -0.725209 -0.004845 0.077357 0.002089 -0.004741
14840.358858 -0.725352 -0.002996 0.077423 0.001504 -0.003552
14840.395450 -0.725428 -0.001148 0.077467 0.000915 -0.002363
14840.432042 -0.725436 0.000699 0.077490 0.000322 -0.001174
14840.468633 -0.725377 0.002543 0.077491 -0.000276 0.000014
14840.505225 -0.725250 0.004384 0.077470 -0.000878 0.001200
14840.541817 -0.725056 0.006221 0.077427 -0.001484 0.002385
14840.578409 -0.724795 0.008052 0.077361 -0.002094 0.003567
14840.615001 -0.724467 0.009878 0.077273 -0.002707 0.004747
14840.651593 -0.724072 0.011697 0.077163 -0.003323 0.005922
14840.688184 -0.723611 0.013509 0.077030 -0.003942 0.007094
14840.724776 -0.723083 0.015312 0.076874 -0.004563 0.008260
14840.761368 -0.722490 0.017105 0.076696 -0.005186 0.009422
14840.797960 -0.721832 0.018889 0.076495 -0.005810 0.010578
14840.834552 -0.721108 0.020661 0.076271 -0.006435 0.011727
14840.871143 -0.720320 0.022423 0.076024 -0.007060 0.012870
14840.907735 -0.719467 0.024171 0.075754 -0.007684 0.014005
14840.944327 -0.718551 0.025907 0.075462 -0.008307 0.015133
14840.980919 -0.717572 0.027628 0.075146 -0.008929 0.016252
14841.017511 -0.716529 0.029335 0.074808 -0.009547 0.017362
14841.054103 -0.715425 0.031026 0.074448 -0.010163 0.018463
14841.090694 -0.714259 0.032701 0.074065 -0.010774 0.019555
14841.127286 -0.713032 0.034360 0.073659 -0.011381 0.020636
14841.163878 -0.711745 0.036001 0.073232 -0.011982 0.021707
14841.200470 -0.710397 0.037624 0.072782 -0.012577 0.022766
14841.237062 -0.708991 0.039228 0.072311 -0.013164 0.023815
14841.273653 -0.707527 0.040813 0.071819 -0.013745 0.024851
14841.310245 -0.706005 0.042378 0.071306 -0.014316 0.025875
14841.346837 -0.704426 0.043923 0.070771 -0.014879 0.026886
14841.383429 -0.702791 0.045446 0.070217 -0.015432 0.027884
14841.420021 -0.701100 0.046948 0.069642 -0.015975 0.028869
14841.456612 -0.699355 0.048428 0.069048 -0.016506 0.029840
14841.493204 -0.697556 0.049885 0.068434 -0.017026 0.030797
14841.529796 -0.695705 0.051319 0.067802 -0.017534 0.031739
14841.566388 -0.693801 0.052729 0.067151 -0.018029 0.032667
14841.602980 -0.691846 0.054115 0.066483 -0.018511 0.033580
14841.639572 -0.689841 0.055477 0.065797 -0.018980 0.034477
14841.676163 -0.687786 0.056814 0.065094 -0.019434 0.035359
14841.712755 -0.685683 0.058126 0.064375 -0.019875 0.036225
14841.749347 -0.683533 0.059412 0.063640 -0.020301 0.037075
14841.785939 -0.681336 0.060672 0.062889 -0.020712 0.037908
14841.822531 -0.679093 0.061906 0.062124 -0.021109 0.038724
14841.859122 -0.676805 0.063113 0.061344 -0.021490 0.039524
14841.895714 -0.674474 0.064293 0.060551 -0.021856 0.040307
14841.932306 -0.672101 0.065446 0.059745 -0.022208 0.041073
14841.968898 -0.669685 0.066572 0.058926 -0.022544 0.041821
14842.005490 -0.667229 0.067670 0.058095 -0.022865 0.042551
14842.042081 -0.664733 0.068740 0.057253 -0.023172 0.043264
14842.078673 -0.662199 0.069782 0.056400 -0.023463 0.043959
14842.115265 -0.659627 0.070795 0.055536 -0.023741 0.044636
14842.151857 -0.657018 0.071780 0.054663 -0.024004 0.045294
14842.188449 -0.654374 0.072737 0.053780 -0.024253 0.045935
14842.225041 -0.651695 0.073665 0.052888 -0.024488 0.046557
14842.261632 -0.648983 0.074564 0.051988 -0.024710 0.047161
14842.298224 -0.646239 0.075435 0.051080 -0.024919 0.047746
14842.334816 -0.643463 0.076276 0.050164 -0.025115 0.048313
14842.371408 -0.640657 0.077088 0.049242 -0.025299 0.048861
14842.408000 -0.637822 0.077872 0.048313 -0.025472 0.049390
14842.444591 -0.634958 0.078626 0.047378 -0.025632 0.049901
14842.481183 -0.632068 0.079352 0.046437 -0.025782 0.050394
14842.517775 -0.629151 0.080048 0.045491 -0.025921 0.050867
14842.554367 -0.626210 0.080716 0.044540 -0.026050 0.051322
14842.590959 -0.623245 0.081355 0.043585 -0.026169 0.051758
14842.627550 -0.620256 0.081965 0.042625 -0.026279 0.052176
14842.664142 -0.617247 0.082546 0.041662 -0.026380 0.052575
14842.700734 -0.614216 0.083099 0.040695 -0.026472 0.052956
14842.737326 -0.611165 0.083623 0.039724 -0.026556 0.053319
14842.773918 -0.608096 0.084119 0.038751 -0.026631 0.053663
14842.810510 -0.605010 0.084587 0.037776 -0.026699 0.053989
14842.847101 -0.601906 0.085027 0.036797 -0.026760 0.054297
14842.883693 -0.598787 0.085440 0.035817 -0.026813 0.054586
14842.920285 -0.595654 0.085825 0.034835 -0.026859 0.054858
14842.956877 -0.592507 0.086182 0.033852 -0.026899 0.055113
14842.993469 -0.589347 0.086513 0.032867 -0.026931 0.055349
14843.030060 -0.586176 0.086817 0.031881 -0.026957 0.055568
14843.066652 -0.582994 0.087094 0.030894 -0.026976 0.055770
14843.103244 -0.579802 0.087345 0.029907 -0.026989 0.055955
14843.139836 -0.576602 0.087570 0.028919 -0.026995 0.056123
14843.176428 -0.573394 0.087769 0.027931 -0.026994 0.056274
14843.213020 -0.570179 0.087943 0.026944 -0.026987 0.056409
14843.249611 -0.566958 0.088093 0.025956 -0.026973 0.056527
14843.286203 -0.563732 0.088217 0.024970 -0.026952 0.056629
14843.322795 -0.560502 0.088317 0.023984 -0.026925 0.056715
14843.359387 -0.557269 0.088393 0.022999 -0.026890 0.056785
14843.395979 -0.554034 0.088445 0.022016 -0.026847 0.056840
14843.432570 -0.550797 0.088474 0.021035 -0.026798 0.056879
14843.469162 -0.547559 0.088480 0.020055 -0.026740 0.056903
14843.505754 -0.544322 0.088464 0.019078 -0.026675 0.056913
14843.542346 -0.541085 0.088425 0.018103 -0.026601 0.056908
14843.578938 -0.537851 0.088364 0.017131 -0.026519 0.056888
14843.615529 -0.534619 0.088282 0.016162 -0.026429 0.056855
14843.652121 -0.531390 0.088179 0.015197 -0.026330 0.056807
14843.688713 -0.528166 0.088055 0.014236 -0.026222 0.056746
14843.725305 -0.524946 0.087910 0.013278 -0.026105 0.056671
14843.761897 -0.521732 0.087746 0.012325 -0.025978 0.056583
14843.798489 -0.518525 0.087562 0.011377 -0.025842 0.056482
14843.835080 -0.515325 0.087359 0.010434 -0.025697 0.056369
14843.871672 -0.512132 0.087137 0.009497 -0.025543 0.056243
14843.908264 -0.508948 0.086897 0.008565 -0.025378 0.056105
14843.944856 -0.505773 0.086638 0.007639 -0.025205 0.055955
14843.981448 -0.502607 0.086362 0.006720 -0.025021 0.055793
14844.018039 -0.499453 0.086068 0.005808 -0.024829 0.055619
14844.054631 -0.496309 0.085758 0.004904 -0.024627 0.055435
14844.091223 -0.493177 0.085431 0.004006 -0.024415 0.055239
14844.127815 -0.490057 0.085087 0.003117 -0.024195 0.055033
14844.164407 -0.486950 0.084728 0.002236 -0.023966 0.054816
14844.200998 -0.483856 0.084353 0.001363 -0.023729 0.054588
14844.237590 -0.480777 0.083962 0.000499 -0.023484 0.054351
14844.274182 -0.477712 0.083557 -0.000356 -0.023231 0.054104
14844.310774 -0.474662 0.083137 -0.001201 -0.022970 0.053847
14844.347366 -0.471628 0.082703 -0.002036 -0.022703 0.053580
14844.383958 -0.468610 0.082255 -0.002862 -0.022429 0.053304
14844.420549 -0.465608 0.081793 -0.003678 -0.022149 0.053020
14844.457141 -0.462624 0.081318 -0.004483 -0.021864 0.052726
14844.493733 -0.459657 0.080831 -0.005278 -0.021574 0.052424
14844.530325 -0.456709 0.080330 -0.006062 -0.021280 0.052113
14844.566917 -0.453779 0.079817 -0.006835 -0.020983 0.051794
14844.603508 -0.450868 0.079292 -0.007598 -0.020682 0.051467
14844.640100 -0.447976 0.078755 -0.008349 -0.020379 0.051132
14844.676692 -0.445104 0.078206 -0.009089 -0.020075 0.050790
14844.713284 -0.442253 0.077646 -0.009818 -0.019769 0.050440
14844.749876 -0.439422 0.077076 -0.010536 -0.019463 0.050082
14844.786467 -0.436612 0.076494 -0.011242 -0.019158 0.049718
14844.823059 -0.433824 0.075902 -0.011938 -0.018853 0.049346
14844.859651 -0.431057 0.075300 -0.012622 -0.018549 0.048968
14844.896243 -0.428313 0.074688 -0.013295 -0.018248 0.048583
14844.932835 -0.425592 0.074067 -0.013958 -0.017949 0.048192
14844.969427 -0.422893 0.073436 -0.014609 -0.017654 0.047795
14845.006018 -0.420217 0.072796 -0.015250 -0.017362 0.047391
14845.042610 -0.417566 0.072147 -0.015880 -0.017074 0.046981
14845.079202 -0.414938 0.071489 -0.016499 -0.016791 0.046566
14845.115794 -0.412334 0.070823 -0.017108 -0.016512 0.046145
14845.152386 -0.409755 0.070149 -0.017708 -0.016239 0.045719
14845.188977 -0.407200 0.069467 -0.018297 -0.015971 0.045287
14845.225569 -0.404671 0.068777 -0.018877 -0.015709 0.044850
14845.262161 -0.402167 0.068080 -0.019447 -0.015452 0.044408
14845.298753 -0.399689 0.067375 -0.020007 -0.015201 0.043961
14845.335345 -0.397236 0.066664 -0.020559 -0.014957 0.043510
14845.371937 -0.394810 0.065946 -0.021102 -0.014718 0.043054
14845.408528 -0.392410 0.065221 -0.021636 -0.014485 0.042594
14845.445120 -0.390037 0.064490 -0.022162 -0.014258 0.042129
14845.481712 -0.387691 0.063753 -0.022680 -0.014037 0.041661
14845.518304 -0.385371 0.063010 -0.023190 -0.013821 0.041188
14845.554896 -0.383079 0.062261 -0.023691 -0.013610 0.040711
14845.591487 -0.380815 0.061507 -0.024186 -0.013404 0.040231
14845.628079 -0.378578 0.060748 -0.024672 -0.013203 0.039748
14845.664671 -0.376369 0.059984 -0.025152 -0.013005 0.039260
14845.701263 -0.374188 0.059215 -0.025624 -0.012812 0.038770
14845.737855 -0.372036 0.058441 -0.026090 -0.012622 0.038276
14845.774446 -0.369912 0.057663 -0.026548 -0.012435 0.037780
14845.811038 -0.367816 0.056880 -0.027000 -0.012250 0.037280
14845.847630 -0.365749 0.056094 -0.027445 -0.012068 0.036778
14845.884222 -0.363711 0.055304 -0.027883 -0.011886 0.036273
14845.920814 -0.361702 0.054510 -0.028314 -0.011706 0.035766
14845.957406 -0.359722 0.053712 -0.028739 -0.011527 0.035256
14845.993997 -0.357771 0.052911 -0.029158 -0.011347 0.034743
14846.030589 -0.355849 0.052107 -0.029570 -0.011167 0.034229
14846.067181 -0.353957 0.051300 -0.029975 -0.010986 0.033712
14846.103773 -0.352095 0.050489 -0.030374 -0.010804 0.033194
14846.140365 -0.350262 0.049677 -0.030766 -0.010621 0.032673
14846.176956 -0.348460 0.048861 -0.031151 -0.010435 0.032151
14846.213548 -0.346687 0.048043 -0.031530 -0.010247 0.031627
14846.250140 -0.344944 0.047223 -0.031901 -0.010056 0.031101
14846.286732 -0.343231 0.046400 -0.032265 -0.009863 0.030574
14846.323324 -0.341548 0.045576 -0.032623 -0.009666 0.030046
14846.359915 -0.339895 0.044749 -0.032973 -0.009467 0.029516
14846.396507 -0.338273 0.043920 -0.033316 -0.009264 0.028984
14846.433099 -0.336681 0.043090 -0.033651 -0.009058 0.028452
14846.469691 -0.335120 0.042258 -0.033978 -0.008848 0.027918
14846.506283 -0.333589 0.041424 -0.034298 -0.008636 0.027383
14846.542875 -0.332088 0.040589 -0.034610 -0.008420 0.026847
14846.579466 -0.330618 0.039753 -0.034914 -0.008201 0.026310
14846.616058 -0.329179 0.038915 -0.035210 -0.007979 0.025773
14846.652650 -0.327770 0.038076 -0.035498 -0.007755 0.025234
14846.689242 -0.326392 0.037235 -0.035778 -0.007529 0.024694
14846.725834 -0.325045 0.036394 -0.036049 -0.007301 0.024154
14846.762425 -0.323729 0.035551 -0.036312 -0.007071 0.023613
14846.799017 -0.322444 0.034708 -0.036567 -0.006840 0.023071
14846.835609 -0.321189 0.033863 -0.036813 -0.006608 0.022528
14846.872201 -0.319965 0.033017 -0.037050 -0.006376 0.021985
14846.908793 -0.318773 0.032171 -0.037280 -0.006145 0.021442
14846.945384 -0.317611 0.031324 -0.037500 -0.005914 0.020897
14846.981976 -0.316480 0.030476 -0.037712 -0.005684 0.020352
14847.018568 -0.315381 0.029627 -0.037916 -0.005456 0.019807
14847.055160 -0.314312 0.028778 -0.038112 -0.005229 0.019261
14847.091752 -0.313275 0.027928 -0.038299 -0.005006 0.018715
14847.128344 -0.312268 0.027077 -0.038478 -0.004786 0.018168
14847.164935 -0.311293 0.026226 -0.038649 -0.004569 0.017621
14847.201527 -0.310349 0.025374 -0.038812 -0.004356 0.017073
14847.238119 -0.309436 0.024521 -0.038968 -0.004147 0.016526
14847.274711 -0.308554 0.023668 -0.039116 -0.003944 0.015977
14847.311303 -0.307704 0.022815 -0.039257 -0.003745 0.015429
14847.347894 -0.306885 0.021961 -0.039390 -0.003552 0.014880
14847.384486 -0.306097 0.021107 -0.039517 -0.003364 0.014331
14847.421078 -0.305340 0.020252 -0.039636 -0.003182 0.013781
14847.457670 -0.304615 0.019398 -0.039750 -0.003006 0.013231
14847.494262 -0.303920 0.018542 -0.039856 -0.002836 0.012681
14847.530854 -0.303258 0.017687 -0.039957 -0.002672 0.012131
14847.567445 -0.302626 0.016831 -0.040052 -0.002515 0.011581
14847.604037 -0.302026 0.015975 -0.040141 -0.002363 0.011030
14847.640629 -0.301457 0.015119 -0.040225 -0.002217 0.010480
14847.677221 -0.300919 0.014263 -0.040304 -0.002077 0.009929
14847.713813 -0.300413 0.013407 -0.040377 -0.001943 0.009378
14847.750404 -0.299938 0.012550 -0.040446 -0.001814 0.008827
14847.786996 -0.299495 0.011694 -0.040510 -0.001689 0.008276
14847.823588 -0.299082 0.010838 -0.040570 -0.001570 0.007726
14847.860180 -0.298701 0.009981 -0.040625 -0.001454 0.007175
14847.896772 -0.298352 0.009125 -0.040676 -0.001342 0.006624
14847.933363 -0.298034 0.008269 -0.040723 -0.001234 0.006073
14847.969955 -0.297747 0.007413 -0.040766 -0.001128 0.005522
14848.006547 -0.297491 0.006558 -0.040806 -0.001025 0.004971
14848.043139 -0.297267 0.005702 -0.040841 -0.000923 0.004421
14848.079731 -0.297074 0.004847 -0.040873 -0.000823 0.003871
14848.116323 -0.296912 0.003993 -0.040902 -0.000723 0.003320
14848.152914 -0.296782 0.003138 -0.040926 -0.000623 0.002770
14848.189506 -0.296682 0.002284 -0.040947 -0.000523 0.002221
14848.226098 -0.296614 0.001431 -0.040965 -0.000422 0.001671
14848.262690 -0.296578 0.000578 -0.040978 -0.000319 0.001122
14848.299282 -0.296572 -0.000274 -0.040988 -0.000214 0.000573
14848.335873 -0.296598 -0.001126 -0.040994 -0.000106 0.000025
14848.372465 -0.296654 -0.001977 -0.040996 0.000005 -0.000523
14848.409057 -0.296742 -0.002827 -0.040993 0.000119 -0.001071
14848.445649 -0.296861 -0.003677 -0.040987 0.000238 -0.001618
14848.482241 -0.297011 -0.004526 -0.040976 0.000360 -0.002165
14848.518832 -0.297193 -0.005374 -0.040960 0.000487 -0.002711
14848.555424 -0.297405 -0.006222 -0.040940 0.000619 -0.003257
14848.592016 -0.297648 -0.007068 -0.040915 0.000756 -0.003803
14848.628608 -0.297922 -0.007914 -0.040885 0.000899 -0.004348
14848.665200 -0.298227 -0.008759 -0.040849 0.001047 -0.004892
14848.701792 -0.298563 -0.009603 -0.040808 0.001200 -0.005436
14848.738383 -0.298930 -0.010446 -0.040761 0.001359 -0.005979
14848.774975 -0.299328 -0.011288 -0.040709 0.001523 -0.006522
14848.811567 -0.299756 -0.012130 -0.040650 0.001692 -0.007064
14848.848159 -0.300215 -0.012970 -0.040585 0.001867 -0.007605
14848.884751 -0.300705 -0.013809 -0.040513 0.002047 -0.008146
14848.921342 -0.301226 -0.014647 -0.040435 0.002231 -0.008686
14848.957934 -0.301777 -0.015484 -0.040350 0.002420 -0.009225
14848.994526 -0.302359 -0.016320 -0.040258 0.002613 -0.009764
14849.031118 -0.302971 -0.017155 -0.040159 0.002810 -0.010302
14849.067710 -0.303614 -0.017989 -0.040052 0.003010 -0.010840
14849.104301 -0.304288 -0.018821 -0.039938 0.003213 -0.011377
14849.140893 -0.304992 -0.019653 -0.039817 0.003419 -0.011912
14849.177485 -0.305726 -0.020483 -0.039688 0.003626 -0.012448
14849.214077 -0.306491 -0.021313 -0.039551 0.003836 -0.012982
14849.250669 -0.307286 -0.022141 -0.039407 0.004046 -0.013516
14849.287261 -0.308111 -0.022967 -0.039255 0.004257 -0.014049
14849.323852 -0.308967 -0.023793 -0.039096 0.004469 -0.014581
14849.360444 -0.309852 -0.024617 -0.038928 0.004680 -0.015113
14849.397036 -0.310768 -0.025440 -0.038753 0.004890 -0.015643
14849.433628 -0.311714 -0.026262 -0.038571 0.005099 -0.016173
14849.470220 -0.312690 -0.027082 -0.038380 0.005306 -0.016702
14849.506811 -0.313696 -0.027901 -0.038182 0.005512 -0.017230
14849.543403 -0.314732 -0.028719 -0.037977 0.005715 -0.017757
14849.579995 -0.315798 -0.029535 -0.037764 0.005915 -0.018284
14849.616587 -0.316894 -0.030350 -0.037544 0.006113 -0.018809
14849.653179 -0.318019 -0.031163 -0.037317 0.006307 -0.019334
14849.689770 -0.319174 -0.031974 -0.037082 0.006498 -0.019857
14849.726362 -0.320359 -0.032784 -0.036841 0.006686 -0.020379
14849.762954 -0.321573 -0.033592 -0.036593 0.006869 -0.020901
14849.799546 -0.322817 -0.034399 -0.036338 0.007050 -0.021421
14849.836138 -0.324091 -0.035203 -0.036077 0.007226 -0.021940
14849.872730 -0.325394 -0.036006 -0.035810 0.007399 -0.022458
14849.909321 -0.326726 -0.036807 -0.035536 0.007569 -0.022975
14849.945913 -0.328087 -0.037605 -0.035256 0.007735 -0.023491
14849.982505 -0.329478 -0.038402 -0.034970 0.007898 -0.024005
14850.019097 -0.330898 -0.039196 -0.034678 0.008058 -0.024518
14850.055689 -0.332346 -0.039988 -0.034380 0.008215 -0.025030
14850.092280 -0.333824 -0.040778 -0.034077 0.008370 -0.025540
14850.128872 -0.335331 -0.041565 -0.033768 0.008523 -0.026048
14850.165464 -0.336866 -0.042350 -0.033453 0.008675 -0.026555
14850.202056 -0.338430 -0.043132 -0.033133 0.008825 -0.027061
14850.238648 -0.340022 -0.043911 -0.032807 0.008975 -0.027564
14850.275240 -0.341643 -0.044687 -0.032476 0.009125 -0.028066
14850.311831 -0.343293 -0.045460 -0.032139 0.009275 -0.028566
14850.348423 -0.344970 -0.046230 -0.031797 0.009425 -0.029064
14850.385015 -0.346676 -0.046997 -0.031450 0.009577 -0.029560
14850.421607 -0.348410 -0.047760 -0.031096 0.009731 -0.030054
14850.458199 -0.350171 -0.048520 -0.030737 0.009887 -0.030546
14850.494790 -0.351960 -0.049276 -0.030373 0.010045 -0.031036
14850.531382 -0.353777 -0.050029 -0.030002 0.010207 -0.031523
14850.567974 -0.355622 -0.050777 -0.029626 0.010372 -0.032008
14850.604566 -0.357493 -0.051521 -0.029243 0.010541 -0.032490
14850.641158 -0.359392 -0.052261 -0.028854 0.010715 -0.032970
14850.677749 -0.361318 -0.052997 -0.028459 0.010893 -0.033447
14850.714341 -0.363271 -0.053728 -0.028057 0.011077 -0.033921
14850.750933 -0.365250 -0.054454 -0.027648 0.011265 -0.034393
14850.787525 -0.367256 -0.055176 -0.027232 0.011459 -0.034861
14850.824117 -0.369288 -0.055893 -0.026809 0.011659 -0.035327
14850.860709 -0.371346 -0.056604 -0.026379 0.011865 -0.035789
14850.897300 -0.373430 -0.057310 -0.025941 0.012076 -0.036248
14850.933892 -0.375540 -0.058011 -0.025495 0.012294 -0.036703
14850.970484 -0.377676 -0.058706 -0.025041 0.012517 -0.037155
14851.007076 -0.379836 -0.059395 -0.024579 0.012746 -0.037603
14851.043668 -0.382022 -0.060078 -0.024108 0.012981 -0.038048
14851.080259 -0.384233 -0.060755 -0.023629 0.013222 -0.038489
14851.116851 -0.386469 -0.061426 -0.023141 0.013468 -0.038926
14851.153443 -0.388728 -0.062091 -0.022643 0.013719 -0.039359
14851.190035 -0.391012 -0.062748 -0.022137 0.013974 -0.039788
14851.226627 -0.393320 -0.063399 -0.021621 0.014234 -0.040213
14851.263218 -0.395652 -0.064043 -0.021095 0.014498 -0.040633
14851.299810 -0.398007 -0.064680 -0.020559 0.014766 -0.041049
14851.336402 -0.400386 -0.065309 -0.020014 0.015037 -0.041460
14851.372994 -0.402787 -0.065931 -0.019459 0.015310 -0.041866
14851.409586 -0.405211 -0.066545 -0.018894 0.015585 -0.042268
14851.446178 -0.407657 -0.067151 -0.018318 0.015862 -0.042665
14851.482769 -0.410125 -0.067749 -0.017733 0.016140 -0.043057
14851.519361 -0.412615 -0.068339 -0.017137 0.016419 -0.043443
14851.555953 -0.415126 -0.068920 -0.016531 0.016697 -0.043824
14851.592545 -0.417658 -0.069492 -0.015915 0.016975 -0.044200
14851.629137 -0.420212 -0.070056 -0.015289 0.017251 -0.044571
14851.665728 -0.422785 -0.070611 -0.014653 0.017526 -0.044935
14851.702320 -0.425379 -0.071156 -0.014006 0.017798 -0.045294
14851.738912 -0.427993 -0.071691 -0.013350 0.018068 -0.045647
14851.775504 -0.430625 -0.072217 -0.012684 0.018334 -0.045994
14851.812096 -0.433278 -0.072733 -0.012009 0.018597 -0.046334
14851.848687 -0.435948 -0.073238 -0.011323 0.018855 -0.046668
14851.885279 -0.438637 -0.073734 -0.010629 0.019108 -0.046996
14851.921871 -0.441344 -0.074218 -0.009925 0.019357 -0.047317
14851.958463 -0.444069 -0.074691 -0.009212 0.019600 -0.047631
14851.995055 -0.446810 -0.075154 -0.008491 0.019837 -0.047938
14852.031647 -0.449569 -0.075604 -0.007761 0.020068 -0.048238
14852.068238 -0.452343 -0.076043 -0.007022 0.020293 -0.048530
14852.104830 -0.455133 -0.076470 -0.006275 0.020512 -0.048815
14852.141422 -0.457939 -0.076885 -0.005521 0.020723 -0.049093
14852.178014 -0.460760 -0.077287 -0.004759 0.020929 -0.049362
14852.214606 -0.463595 -0.077677 -0.003989 0.021127 -0.049624
14852.251197 -0.466445 -0.078053 -0.003213 0.021318 -0.049877
14852.287789 -0.469307 -0.078416 -0.002429 0.021503 -0.050122
14852.324381 -0.472183 -0.078765 -0.001639 0.021681 -0.050359
14852.360973 -0.475072 -0.079101 -0.000843 0.021852 -0.050587
14852.397565 -0.477972 -0.079421 -0.000040 0.022017 -0.050805
14852.434157 -0.480884 -0.079728 0.000768 0.022175 -0.051015
14852.470748 -0.483806 -0.080019 0.001583 0.022327 -0.051216
14852.507340 -0.486740 -0.080296 0.002402 0.022472 -0.051406
14852.543932 -0.489683 -0.080556 0.003227 0.022612 -0.051588
14852.580524 -0.492635 -0.080801 0.004057 0.022746 -0.051759
14852.617116 -0.495596 -0.081030 0.004892 0.022874 -0.051920
14852.653707 -0.498565 -0.081242 0.005731 0.022997 -0.052071
14852.690299 -0.501541 -0.081438 0.006575 0.023115 -0.052211
14852.726891 -0.504524 -0.081616 0.007422 0.023228 -0.052341
14852.763483 -0.507514 -0.081777 0.008274 0.023336 -0.052459
14852.800075 -0.510509 -0.081920 0.009130 0.023440 -0.052567
14852.836666 -0.513509 -0.082045 0.009990 0.023540 -0.052663
14852.873258 -0.516513 -0.082152 0.010853 0.023636 -0.052747
14852.909850 -0.519521 -0.082240 0.011720 0.023728 -0.052820
14852.946442 -0.522531 -0.082309 0.012589 0.023817 -0.052881
14852.983034 -0.525544 -0.082359 0.013463 0.023901 -0.052930
14853.019626 -0.528559 -0.082389 0.014339 0.023983 -0.052966
14853.056217 -0.531574 -0.082400 0.015218 0.024061 -0.052990
14853.092809 -0.534589 -0.082390 0.016099 0.024135 -0.053002
14853.129401 -0.537603 -0.082360 0.016984 0.024206 -0.053000
14853.165993 -0.540616 -0.082308 0.017871 0.024274 -0.052985
14853.202585 -0.543626 -0.082236 0.018760 0.024338 -0.052957
14853.239176 -0.546634 -0.082143 0.019652 0.024399 -0.052915
14853.275768 -0.549638 -0.082028 0.020546 0.024456 -0.052860
14853.312360 -0.552637 -0.081891 0.021442 0.024509 -0.052791
14853.348952 -0.555630 -0.081732 0.022339 0.024558 -0.052708
14853.385544 -0.558618 -0.081551 0.023239 0.024602 -0.052611
14853.422135 -0.561598 -0.081348 0.024140 0.024642 -0.052500
14853.458727 -0.564571 -0.081121 0.025042 0.024676 -0.052374
14853.495319 -0.567535 -0.080872 0.025946 0.024706 -0.052233
14853.531911 -0.570489 -0.080599 0.026850 0.024729 -0.052078
14853.568503 -0.573433 -0.080304 0.027755 0.024747 -0.051908
14853.605095 -0.576366 -0.079984 0.028661 0.024758 -0.051723
14853.641686 -0.579286 -0.079641 0.029567 0.024761 -0.051523
14853.678278 -0.582194 -0.079274 0.030473 0.024758 -0.051308
14853.714870 -0.585088 -0.078883 0.031379 0.024746 -0.051078
14853.751462 -0.587967 -0.078468 0.032284 0.024726 -0.050832
14853.788054 -0.590830 -0.078029 0.033188 0.024697 -0.050570
14853.824645 -0.593677 -0.077565 0.034091 0.024658 -0.050293
14853.861237 -0.596506 -0.077077 0.034993 0.024610 -0.050000
14853.897829 -0.599317 -0.076564 0.035892 0.024550 -0.049692
14853.934421 -0.602109 -0.076027 0.036789 0.024480 -0.049368
14853.971013 -0.604881 -0.075464 0.037684 0.024399 -0.049028
14854.007604 -0.607632 -0.074877 0.038575 0.024306 -0.048672
14854.044196 -0.610360 -0.074265 0.039462 0.024200 -0.048300
14854.080788 -0.613066 -0.073629 0.040346 0.024082 -0.047912
14854.117380 -0.615748 -0.072967 0.041225 0.023951 -0.047508
14854.153972 -0.618406 -0.072280 0.042098 0.023807 -0.047088
14854.190564 -0.621038 -0.071569 0.042967 0.023648 -0.046653
14854.227155 -0.623643 -0.070832 0.043829 0.023476 -0.046201
14854.263747 -0.626221 -0.070071 0.044685 0.023290 -0.045733
14854.300339 -0.628771 -0.069285 0.045533 0.023089 -0.045249
14854.336931 -0.631291 -0.068474 0.046374 0.022874 -0.044749
14854.373523 -0.633782 -0.067638 0.047207 0.022645 -0.044233
14854.410114 -0.636241 -0.066778 0.048031 0.022400 -0.043701
14854.446706 -0.638669 -0.065894 0.048846 0.022141 -0.043154
14854.483298 -0.641063 -0.064984 0.049651 0.021868 -0.042590
14854.519890 -0.643424 -0.064051 0.050446 0.021580 -0.042011
14854.556482 -0.645750 -0.063094 0.051231 0.021278 -0.041416
14854.593074 -0.648041 -0.062112 0.052003 0.020961 -0.040806
14854.629665 -0.650296 -0.061107 0.052764 0.020631 -0.040180
14854.666257 -0.652513 -0.060078 0.053513 0.020287 -0.039539
14854.702849 -0.654692 -0.059025 0.054249 0.019930 -0.038883
14854.739441 -0.656832 -0.057949 0.054972 0.019560 -0.038211
14854.776033 -0.658933 -0.056851 0.055680 0.019178 -0.037525
14854.812624 -0.660993 -0.055729 0.056375 0.018784 -0.036824
14854.849216 -0.663011 -0.054585 0.057055 0.018378 -0.036108
14854.885808 -0.664987 -0.053419 0.057720 0.017961 -0.035377
14854.922400 -0.666920 -0.052231 0.058369 0.017533 -0.034632
14854.958992 -0.668809 -0.051021 0.059003 0.017096 -0.033873
14854.995583 -0.670654 -0.049790 0.059620 0.016649 -0.033100
14855.032175 -0.672453 -0.048538 0.060221 0.016193 -0.032313
14855.068767 -0.674206 -0.047266 0.060805 0.015729 -0.031513
14855.105359 -0.675912 -0.045973 0.061372 0.015258 -0.030699
14855.141951 -0.677570 -0.044660 0.061922 0.014780 -0.029872
14855.178543 -0.679180 -0.043328 0.062454 0.014295 -0.029033
14855.215134 -0.680741 -0.041977 0.062968 0.013805 -0.028180
14855.251726 -0.682252 -0.040608 0.063464 0.013310 -0.027316
14855.288318 -0.683712 -0.039220 0.063942 0.012810 -0.026439
14855.324910 -0.685122 -0.037815 0.064401 0.012307 -0.025551
14855.361502 -0.686480 -0.036393 0.064842 0.011800 -0.024651
14855.398093 -0.687785 -0.034954 0.065265 0.011290 -0.023741
14855.434685 -0.689037 -0.033499 0.065669 0.010778 -0.022819
14855.471277 -0.690236 -0.032029 0.066054 0.010265 -0.021887
14855.507869 -0.691381 -0.030543 0.066420 0.009749 -0.020945
14855.544461 -0.692471 -0.029043 0.066767 0.009234 -0.019993
14855.581052 -0.693507 -0.027530 0.067096 0.008717 -0.019032
14855.617644 -0.694486 -0.026003 0.067405 0.008201 -0.018062
14855.654236 -0.695409 -0.024463 0.067696 0.007684 -0.017083
14855.690828 -0.696276 -0.022912 0.067967 0.007169 -0.016096
14855.727420 -0.697086 -0.021350 0.068220 0.006654 -0.015101
14855.764012 -0.697839 -0.019776 0.068454 0.006139 -0.014098
14855.800603 -0.698533 -0.018193 0.068670 0.005626 -0.013089
14855.837195 -0.699170 -0.016601 0.068866 0.005114 -0.012073
14855.873787 -0.699748 -0.015000 0.069044 0.004604 -0.011051
14855.910379 -0.700267 -0.013391 0.069203 0.004095 -0.010023
14855.946971 -0.700728 -0.011774 0.069344 0.003587 -0.008990
14855.983562 -0.701129 -0.010152 0.069466 0.003081 -0.007953
14856.020154 -0.701471 -0.008524 0.069569 0.002576 -0.006910
14856.056746 -0.701753 -0.006890 0.069654 0.002072 -0.005865
14856.093338 -0.701975 -0.005253 0.069721 0.001570 -0.004815
14856.129930 -0.702137 -0.003612 0.069769 0.001069 -0.003763
14856.166521 -0.702239 -0.001968 0.069799 0.000568 -0.002709
14856.203113 -0.702281 -0.000322 0.069811 0.000069 -0.001652
14856.239705 -0.702263 0.001325 0.069804 -0.000430 -0.000594
14856.276297 -0.702184 0.002973 0.069779 -0.000929 0.000465
14856.312889 -0.702045 0.004620 0.069736 -0.001427 0.001525
14856.349481 -0.701846 0.006266 0.069675 -0.001925 0.002584
14856.386072 -0.701587 0.007911 0.069595 -0.002423 0.003643
14856.422664 -0.701267 0.009553 0.069498 -0.002921 0.004701
14856.459256 -0.700888 0.011192 0.069381 -0.003420 0.005758
14856.495848 -0.700448 0.012826 0.069247 -0.003919 0.006813
14856.532440 -0.699949 0.014456 0.069095 -0.004419 0.007865
14856.569031 -0.699390 0.016081 0.068924 -0.004920 0.008914
14856.605623 -0.698772 0.017699 0.068735 -0.005422 0.009960
14856.642215 -0.698095 0.019311 0.068527 -0.005925 0.011003
14856.678807 -0.697359 0.020915 0.068301 -0.006428 0.012041
14856.715399 -0.696565 0.022510 0.068056 -0.006933 0.013074
14856.751991 -0.695712 0.024097 0.067794 -0.007438 0.014102
14856.788582 -0.694801 0.025674 0.067512 -0.007945 0.015125
14856.825174 -0.693833 0.027241 0.067212 -0.008452 0.016141
14856.861766 -0.692808 0.028797 0.066894 -0.008960 0.017152
14856.898358 -0.691726 0.030341 0.066556 -0.009469 0.018155
14856.934950 -0.690587 0.031873 0.066201 -0.009978 0.019151
14856.971541 -0.689393 0.033392 0.065826 -0.010487 0.020139
14857.008133 -0.688144 0.034898 0.065433 -0.010996 0.021119
14857.044725 -0.686839 0.036390 0.065021 -0.011504 0.022091
14857.081317 -0.685481 0.037867 0.064591 -0.012012 0.023053
14857.117909 -0.684068 0.039329 0.064142 -0.012518 0.024007
14857.154500 -0.682603 0.040776 0.063675 -0.013022 0.024951
14857.191092 -0.681084 0.042207 0.063189 -0.013525 0.025885
14857.227684 -0.679514 0.043621 0.062685 -0.014024 0.026809
14857.264276 -0.677892 0.045018 0.062163 -0.014521 0.027723
14857.300868 -0.676220 0.046398 0.061623 -0.015014 0.028626
14857.337460 -0.674497 0.047760 0.061064 -0.015503 0.029517
14857.374051 -0.672725 0.049103 0.060488 -0.015987 0.030397
14857.410643 -0.670904 0.050428 0.059894 -0.016465 0.031266
14857.447235 -0.669034 0.051734 0.059283 -0.016938 0.032122
14857.483827 -0.667118 0.053020 0.058655 -0.017404 0.032967
14857.520419 -0.665154 0.054287 0.058010 -0.017862 0.033799
14857.557010 -0.663145 0.055533 0.057348 -0.018313 0.034618
14857.593602 -0.661091 0.056759 0.056670 -0.018756 0.035425
14857.630194 -0.658992 0.057965 0.055975 -0.019190 0.036218
14857.666786 -0.656849 0.059149 0.055265 -0.019614 0.036998
14857.703378 -0.654663 0.060312 0.054540 -0.020028 0.037765
14857.739969 -0.652435 0.061454 0.053800 -0.020431 0.038518
14857.776561 -0.650166 0.062574 0.053045 -0.020823 0.039258
14857.813153 -0.647856 0.063672 0.052276 -0.021203 0.039983
14857.849745 -0.645506 0.064748 0.051493 -0.021572 0.040695
14857.886337 -0.643118 0.065802 0.050697 -0.021927 0.041392
14857.922929 -0.640691 0.066833 0.049889 -0.022270 0.042076
14857.959520 -0.638227 0.067842 0.049068 -0.022600 0.042744
14857.996112 -0.635726 0.068829 0.048235 -0.022915 0.043399
14858.032704 -0.633190 0.069792 0.047391 -0.023217 0.044039
14858.069296 -0.630619 0.070733 0.046536 -0.023505 0.044664
14858.105888 -0.628014 0.071651 0.045671 -0.023778 0.045275
14858.142479 -0.625376 0.072546 0.044796 -0.024038 0.045870
14858.179071 -0.622705 0.073417 0.043912 -0.024282 0.046451
14858.215663 -0.620003 0.074266 0.043019 -0.024512 0.047018
14858.252255 -0.617270 0.075092 0.042118 -0.024728 0.047569
14858.288847 -0.614508 0.075894 0.041210 -0.024929 0.048106
14858.325438 -0.611716 0.076674 0.040294 -0.025115 0.048628
14858.362030 -0.608897 0.077430 0.039372 -0.025288 0.049134
14858.398622 -0.606050 0.078163 0.038444 -0.025446 0.049626
14858.435214 -0.603177 0.078873 0.037510 -0.025591 0.050104
14858.471806 -0.600278 0.079560 0.036571 -0.025722 0.050566
14858.508398 -0.597355 0.080225 0.035628 -0.025840 0.051014
14858.544989 -0.594407 0.080866 0.034680 -0.025945 0.051446
14858.581581 -0.591437 0.081485 0.033729 -0.026038 0.051865
14858.618173 -0.588444 0.082081 0.032775 -0.026118 0.052268
14858.654765 -0.585430 0.082654 0.031818 -0.026187 0.052657
14858.691357 -0.582395 0.083206 0.030858 -0.026245 0.053031
14858.727948 -0.579341 0.083734 0.029897 -0.026292 0.053391
14858.764540 -0.576268 0.084241 0.028934 -0.026329 0.053737
14858.801132 -0.573176 0.084726 0.027970 -0.026357 0.054068
14858.837724 -0.570067 0.085188 0.027006 -0.026375 0.054385
14858.874316 -0.566942 0.085630 0.026040 -0.026384 0.054688
14858.910908 -0.563801 0.086049 0.025075 -0.026386 0.054977
14858.947499 -0.560645 0.086448 0.024109 -0.026379 0.055252
14858.984091 -0.557475 0.086825 0.023144 -0.026366 0.055514
14859.020683 -0.554291 0.087182 0.022180 -0.026345 0.055762
14859.057275 -0.551095 0.087517 0.021216 -0.026319 0.055996
14859.093867 -0.547886 0.087833 0.020254 -0.026286 0.056217
14859.130458 -0.544667 0.088128 0.019293 -0.026249 0.056425
14859.167050 -0.541437 0.088403 0.018333 -0.026206 0.056620
14859.203642 -0.538198 0.088659 0.017375 -0.026158 0.056802
14859.240234 -0.534949 0.088895 0.016419 -0.026107 0.056971
14859.276826 -0.531692 0.089112 0.015464 -0.026051 0.057127
14859.313417 -0.528428 0.089310 0.014512 -0.025992 0.057272
14859.350009 -0.525156 0.089490 0.013562 -0.025929 0.057404
14859.386601 -0.521879 0.089651 0.012615 -0.025862 0.057524
14859.423193 -0.518596 0.089795 0.011670 -0.025793 0.057632
14859.459785 -0.515307 0.089920 0.010727 -0.025721 0.057729
14859.496377 -0.512015 0.090029 0.009787 -0.025645 0.057814
14859.532968 -0.508719 0.090120 0.008850 -0.025567 0.057888
14859.569560 -0.505420 0.090195 0.007916 -0.025486 0.057951
14859.606152 -0.502118 0.090253 0.006985 -0.025402 0.058003
14859.642744 -0.498815 0.090295 0.006057 -0.025315 0.058044
14859.679336 -0.495511 0.090321 0.005133 -0.025225 0.058075
14859.715927 -0.492205 0.090332 0.004211 -0.025132 0.058096
14859.752519 -0.488900 0.090328 0.003293 -0.025036 0.058107
14859.789111 -0.485595 0.090309 0.002379 -0.024936 0.058108
14859.825703 -0.482291 0.090275 0.001468 -0.024833 0.058100
14859.862295 -0.478988 0.090228 0.000562 -0.024726 0.058082
14859.898886 -0.475688 0.090167 -0.000341 -0.024614 0.058055
14859.935478 -0.472390 0.090092 -0.001240 -0.024499 0.058019
14859.972070 -0.469095 0.090005 -0.002134 -0.024379 0.057974
14860.008662 -0.465803 0.089904 -0.003024 -0.024255 0.057921
14860.045254 -0.462515 0.089792 -0.003909 -0.024126 0.057860
14860.081846 -0.459232 0.089667 -0.004789 -0.023992 0.057790
14860.118437 -0.455953 0.089531 -0.005665 -0.023852 0.057713
14860.155029 -0.452680 0.089383 -0.006535 -0.023707 0.057628
14860.191621 -0.449412 0.089224 -0.007400 -0.023556 0.057536
14860.228213 -0.446150 0.089055 -0.008259 -0.023400 0.057437
14860.264805 -0.442895 0.088875 -0.009112 -0.023238 0.057330
14860.301396 -0.439646 0.088685 -0.009959 -0.023070 0.057217
14860.337988 -0.436405 0.088485 -0.010800 -0.022895 0.057098
14860.374580 -0.433171 0.088276 -0.011635 -0.022715 0.056972
14860.411172 -0.429944 0.088058 -0.012462 -0.022528 0.056840
14860.447764 -0.426726 0.087831 -0.013283 -0.022336 0.056701
14860.484355 -0.423517 0.087595 -0.014097 -0.022137 0.056558
14860.520947 -0.420316 0.087351 -0.014903 -0.021932 0.056408
14860.557539 -0.417124 0.087100 -0.015702 -0.021722 0.056253
14860.594131 -0.413942 0.086840 -0.016493 -0.021506 0.056093
14860.630723 -0.410769 0.086573 -0.017276 -0.021285 0.055928
14860.667315 -0.407606 0.086299 -0.018051 -0.021059 0.055758
14860.703906 -0.404453 0.086018 -0.018817 -0.020828 0.055584
14860.740498 -0.401311 0.085731 -0.019575 -0.020592 0.055405
14860.777090 -0.398179 0.085437 -0.020324 -0.020353 0.055222
14860.813682 -0.395059 0.085137 -0.021064 -0.020110 0.055034
14860.850274 -0.391949 0.084831 -0.021796 -0.019863 0.054843
14860.886865 -0.388850 0.084519 -0.022518 -0.019614 0.054648
14860.923457 -0.385764 0.084203 -0.023231 -0.019362 0.054449
14860.960049 -0.382688 0.083881 -0.023935 -0.019109 0.054246
14860.996641 -0.379625 0.083554 -0.024629 -0.018854 0.054040
14861.033233 -0.376574 0.083222 -0.025315 -0.018599 0.053831
14861.069825 -0.373534 0.082886 -0.025991 -0.018343 0.053619
14861.106416 -0.370508 0.082546 -0.026657 -0.018088 0.053404
14861.143008 -0.367493 0.082202 -0.027314 -0.017833 0.053186
14861.179600 -0.364492 0.081853 -0.027962 -0.017580 0.052966
14861.216192 -0.361503 0.081502 -0.028601 -0.017328 0.052743
14861.252784 -0.358527 0.081146 -0.029230 -0.017079 0.052518
14861.289375 -0.355565 0.080788 -0.029851 -0.016833 0.052290
14861.325967 -0.352615 0.080427 -0.030462 -0.016590 0.052060
14861.362559 -0.349679 0.080063 -0.031065 -0.016351 0.051829
14861.399151 -0.346756 0.079696 -0.031659 -0.016115 0.051595
14861.435743 -0.343846 0.079326 -0.032244 -0.015885 0.051360
14861.472334 -0.340950 0.078955 -0.032821 -0.015659 0.051123
14861.508926 -0.338068 0.078581 -0.033390 -0.015438 0.050884
14861.545518 -0.335200 0.078206 -0.033951 -0.015223 0.050645
14861.582110 -0.332345 0.077829 -0.034505 -0.015013 0.050404
14861.618702 -0.329504 0.077450 -0.035050 -0.014809 0.050162
14861.655294 -0.326677 0.077070 -0.035588 -0.014611 0.049918
14861.691885 -0.323864 0.076689 -0.036119 -0.014419 0.049674
14861.728477 -0.321064 0.076307 -0.036644 -0.014232 0.049430
14861.765069 -0.318279 0.075924 -0.037161 -0.014052 0.049184
14861.801661 -0.315508 0.075541 -0.037672 -0.013877 0.048938
14861.838253 -0.312751 0.075157 -0.038177 -0.013708 0.048692
14861.874844 -0.310008 0.074773 -0.038675 -0.013544 0.048445
14861.911436 -0.307279 0.074389 -0.039168 -0.013386 0.048198
14861.948028 -0.304564 0.074004 -0.039655 -0.013232 0.047951
14861.984620 -0.301863 0.073620 -0.040136 -0.013083 0.047703
14862.021212 -0.299176 0.073236 -0.040613 -0.012939 0.047456
14862.057803 -0.296503 0.072853 -0.041083 -0.012799 0.047210
14862.094395 -0.293844 0.072471 -0.041549 -0.012662 0.046963
14862.130987 -0.291199 0.072089 -0.042010 -0.012528 0.046717
14862.167579 -0.288568 0.071708 -0.042466 -0.012397 0.046471
14862.204171 -0.285951 0.071329 -0.042917 -0.012269 0.046226
14862.240763 -0.283348 0.070951 -0.043364 -0.012142 0.045982
14862.277354 -0.280759 0.070574 -0.043806 -0.012017 0.045738
14862.313946 -0.278183 0.070198 -0.044244 -0.011893 0.045495
14862.350538 -0.275622 0.069824 -0.044676 -0.011769 0.045253
14862.387130 -0.273073 0.069452 -0.045105 -0.011646 0.045013
14862.423722 -0.270539 0.069082 -0.045529 -0.011522 0.044773
14862.460313 -0.268018 0.068714 -0.045948 -0.011397 0.044535
14862.496905 -0.265510 0.068348 -0.046363 -0.011271 0.044297
14862.533497 -0.263016 0.067985 -0.046773 -0.011144 0.044061
14862.570089 -0.260535 0.067624 -0.047178 -0.011015 0.043827
14862.606681 -0.258067 0.067265 -0.047579 -0.010884 0.043594
14862.643272 -0.255612 0.066909 -0.047975 -0.010751 0.043363
14862.679864 -0.253170 0.066555 -0.048366 -0.010615 0.043133
14862.716456 -0.250741 0.066204 -0.048752 -0.010477 0.042905
14862.753048 -0.248325 0.065856 -0.049132 -0.010335 0.042679
14862.789640 -0.245921 0.065511 -0.049508 -0.010192 0.042454
14862.826232 -0.243531 0.065169 -0.049878 -0.010045 0.042232
14862.862823 -0.241152 0.064830 -0.050243 -0.009895 0.042011
14862.899415 -0.238786 0.064494 -0.050602 -0.009743 0.041792
14862.936007 -0.236432 0.064162 -0.050956 -0.009589 0.041575
14862.972599 -0.234090 0.063833 -0.051304 -0.009432 0.041361
14863.009191 -0.231761 0.063507 -0.051646 -0.009272 0.041148
14863.045782 -0.229443 0.063184 -0.051983 -0.009111 0.040938
14863.082374 -0.227137 0.062865 -0.052313 -0.008948 0.040729
14863.118966 -0.224842 0.062550 -0.052637 -0.008784 0.040523
14863.155558 -0.222559 0.062238 -0.052956 -0.008619 0.040320
14863.192150 -0.220287 0.061930 -0.053268 -0.008454 0.040118
14863.228742 -0.218027 0.061625 -0.053575 -0.008288 0.039919
14863.265333 -0.215777 0.061324 -0.053875 -0.008123 0.039722
14863.301925 -0.213539 0.061027 -0.054169 -0.007959 0.039528
14863.338517 -0.211311 0.060734 -0.054457 -0.007796 0.039336
14863.375109 -0.209094 0.060445 -0.054740 -0.007634 0.039146
14863.411701 -0.206887 0.060159 -0.055016 -0.007475 0.038959
14863.448292 -0.204691 0.059878 -0.055287 -0.007318 0.038775
14863.484884 -0.202505 0.059600 -0.055552 -0.007164 0.038592
14863.521476 -0.200329 0.059326 -0.055811 -0.007014 0.038413
14863.558068 -0.198163 0.059057 -0.056065 -0.006868 0.038236
14863.594660 -0.196007 0.058792 -0.056314 -0.006726 0.038062
14863.631251 -0.193861 0.058530 -0.056557 -0.006588 0.037890
14863.667843 -0.191724 0.058273 -0.056796 -0.006456 0.037721
14863.704435 -0.189596 0.058020 -0.057030 -0.006329 0.037555
14863.741027 -0.187478 0.057772 -0.057259 -0.006207 0.037391
14863.777619 -0.185368 0.057527 -0.057484 -0.006091 0.037230
14863.814211 -0.183267 0.057287 -0.057705 -0.005981 0.037072
14863.850802 -0.181176 0.057052 -0.057922 -0.005876 0.036916
14863.887394 -0.179092 0.056820 -0.058135 -0.005778 0.036764
14863.923986 -0.177017 0.056593 -0.058345 -0.005686 0.036614
14863.960578 -0.174950 0.056371 -0.058551 -0.005599 0.036467
14863.997170 -0.172892 0.056153 -0.058755 -0.005519 0.036323
14864.033761 -0.170841 0.055940 -0.058955 -0.005444 0.036182
14864.070353 -0.168798 0.055731 -0.059153 -0.005375 0.036043
14864.106945 -0.166762 0.055527 -0.059349 -0.005311 0.035908
14864.143537 -0.164734 0.055327 -0.059542 -0.005252 0.035775
14864.180129 -0.162713 0.055132 -0.059733 -0.005197 0.035646
14864.216720 -0.160699 0.054942 -0.059922 -0.005147 0.035519
14864.253312 -0.158692 0.054757 -0.060110 -0.005101 0.035396
14864.289904 -0.156692 0.054576 -0.060296 -0.005058 0.035276
14864.326496 -0.154698 0.054400 -0.060480 -0.005019 0.035158
14864.363088 -0.152711 0.054229 -0.060663 -0.004982 0.035044
14864.399680 -0.150729 0.054063 -0.060845 -0.004947 0.034933
14864.436271 -0.148754 0.053902 -0.061025 -0.004913 0.034825
14864.472863 -0.146784 0.053746 -0.061204 -0.004881 0.034720
14864.509455 -0.144821 0.053595 -0.061382 -0.004849 0.034619
14864.546047 -0.142862 0.053449 -0.061559 -0.004817 0.034520
14864.582639 -0.140909 0.053308 -0.061735 -0.004785 0.034425
14864.619230 -0.138961 0.053172 -0.061909 -0.004752 0.034333
14864.655822 -0.137018 0.053041 -0.062083 -0.004718 0.034244
14864.692414 -0.135079 0.052915 -0.062254 -0.004681 0.034159
14864.729006 -0.133145 0.052795 -0.062425 -0.004643 0.034077
14864.765598 -0.131215 0.052679 -0.062594 -0.004601 0.033998
14864.802189 -0.129290 0.052569 -0.062762 -0.004557 0.033923
14864.838781 -0.127368 0.052464 -0.062928 -0.004510 0.033851
14864.875373 -0.125450 0.052365 -0.063092 -0.004459 0.033782
14864.911965 -0.123536 0.052270 -0.063254 -0.004404 0.033717
14864.948557 -0.121625 0.052181 -0.063414 -0.004346 0.033655
14864.985149 -0.119717 0.052097 -0.063572 -0.004283 0.033596
14865.021740 -0.117812 0.052019 -0.063728 -0.004217 0.033541
14865.058332 -0.115910 0.051946 -0.063881 -0.004146 0.033489
14865.094924 -0.114010 0.051878 -0.064031 -0.004072 0.033441
14865.131516 -0.112113 0.051815 -0.064178 -0.003993 0.033396
14865.168108 -0.110218 0.051758 -0.064323 -0.003911 0.033355
14865.204699 -0.108325 0.051707 -0.064465 -0.003825 0.033317
14865.241291 -0.106434 0.051660 -0.064603 -0.003736 0.033282
14865.277883 -0.104544 0.051620 -0.064738 -0.003644 0.033251
14865.314475 -0.102656 0.051584 -0.064870 -0.003549 0.033224
14865.351067 -0.100769 0.051554 -0.064998 -0.003451 0.033199
14865.387659 -0.098883 0.051530 -0.065122 -0.003352 0.033179
14865.424250 -0.096998 0.051510 -0.065243 -0.003251 0.033162
14865.460842 -0.095114 0.051497 -0.065360 -0.003148 0.033148
14865.497434 -0.093229 0.051489 -0.065473 -0.003045 0.033138
14865.534026 -0.091345 0.051486 -0.065583 -0.002942 0.033132
14865.570618 -0.089461 0.051489 -0.065689 -0.002839 0.033129
14865.607209 -0.087577 0.051497 -0.065791 -0.002736 0.033129
14865.643801 -0.085693 0.051511 -0.065889 -0.002634 0.033133
14865.680393 -0.083807 0.051530 -0.065984 -0.002535 0.033141
14865.716985 -0.081921 0.051555 -0.066074 -0.002437 0.033152
14865.753577 -0.080034 0.051585 -0.066162 -0.002341 0.033167
14865.790168 -0.078146 0.051621 -0.066246 -0.002248 0.033185
14865.826760 -0.076256 0.051663 -0.066326 -0.002159 0.033207
14865.863352 -0.074365 0.051710 -0.066404 -0.002072 0.033232
14865.899944 -0.072472 0.051763 -0.066478 -0.001990 0.033261
14865.936536 -0.070577 0.051821 -0.066550 -0.001912 0.033294
14865.973128 -0.068679 0.051885 -0.066618 -0.001838 0.033330
14866.009719 -0.066780 0.051954 -0.066684 -0.001768 0.033370
14866.046311 -0.064877 0.052030 -0.066748 -0.001703 0.033413
14866.082903 -0.062972 0.052111 -0.066809 -0.001643 0.033460
14866.119495 -0.061063 0.052197 -0.066868 -0.001587 0.033511
14866.156087 -0.059152 0.052289 -0.066925 -0.001536 0.033565
14866.192678 -0.057237 0.052387 -0.066980 -0.001489 0.033623
14866.229270 -0.055318 0.052491 -0.067034 -0.001447 0.033685
14866.265862 -0.053395 0.052601 -0.067086 -0.001408 0.033750
14866.302454 -0.051468 0.052716 -0.067137 -0.001374 0.033820
14866.339046 -0.049537 0.052837 -0.067187 -0.001343 0.033892
14866.375637 -0.047601 0.052964 -0.067235 -0.001316 0.033969
14866.412229 -0.045661 0.053097 -0.067283 -0.001292 0.034049
14866.448821 -0.043715 0.053236 -0.067330 -0.001270 0.034133
14866.485413 -0.041765 0.053380 -0.067376 -0.001250 0.034221
14866.522005 -0.039809 0.053531 -0.067422 -0.001232 0.034313
14866.558597 -0.037847 0.053687 -0.067466 -0.001216 0.034408
14866.595188 -0.035880 0.053849 -0.067510 -0.001199 0.034507
14866.631780 -0.033906 0.054018 -0.067554 -0.001184 0.034610
14866.668372 -0.031926 0.054192 -0.067597 -0.001167 0.034717
14866.704964 -0.029940 0.054372 -0.067640 -0.001150 0.034828
14866.741556 -0.027947 0.054558 -0.067681 -0.001132 0.034943
14866.778147 -0.025947 0.054751 -0.067722 -0.001112 0.035061
14866.814739 -0.023940 0.054949 -0.067763 -0.001089 0.035183
14866.851331 -0.021926 0.055153 -0.067802 -0.001063 0.035310
14866.887923 -0.019904 0.055364 -0.067840 -0.001035 0.035440
14866.924515 -0.017874 0.055580 -0.067878 -0.001002 0.035574
14866.961106 -0.015836 0.055803 -0.067914 -0.000965 0.035712
14866.997698 -0.013790 0.056032 -0.067948 -0.000924 0.035853
14867.034290 -0.011736 0.056267 -0.067981 -0.000879 0.035999
14867.070882 -0.009672 0.056508 -0.068012 -0.000828 0.036149
14867.107474 -0.007600 0.056755 -0.068042 -0.000771 0.036303
14867.144066 -0.005519 0.057009 -0.068069 -0.000710 0.036460
14867.180657 -0.003428 0.057269 -0.068094 -0.000643 0.036622
14867.217249 -0.001327 0.057535 -0.068116 -0.000570 0.036788
14867.253841 0.000783 0.057807 -0.068135 -0.000492 0.036957
14867.290433 0.002903 0.058085 -0.068152 -0.000407 0.037131
14867.327025 0.005034 0.058370 -0.068165 -0.000318 0.037309
14867.363616 0.007175 0.058661 -0.068175 -0.000223 0.037490
14867.400208 0.009327 0.058958 -0.068181 -0.000122 0.037676
14867.436800 0.011490 0.059261 -0.068184 -0.000017 0.037866
14867.473392 0.013664 0.059571 -0.068182 0.000093 0.038059
14867.509984 0.015849 0.059887 -0.068177 0.000208 0.038257
14867.546576 0.018047 0.060210 -0.068167 0.000327 0.038459
14867.583167 0.020256 0.060539 -0.068153 0.000450 0.038665
14867.619759 0.022477 0.060874 -0.068134 0.000576 0.038875
14867.656351 0.024711 0.061216 -0.068111 0.000705 0.039090
14867.692943 0.026957 0.061564 -0.068083 0.000837 0.039308
14867.729535 0.029217 0.061918 -0.068050 0.000971 0.039530
14867.766126 0.031489 0.062279 -0.068012 0.001106 0.039757
14867.802718 0.033774 0.062646 -0.067969 0.001243 0.039987
14867.839310 0.036074 0.063020 -0.067921 0.001381 0.040222
14867.875902 0.038387 0.063400 -0.067867 0.001519 0.040461
14867.912494 0.040714 0.063787 -0.067809 0.001658 0.040704
14867.949085 0.043055 0.064180 -0.067746 0.001796 0.040951
14867.985677 0.045411 0.064580 -0.067678 0.001933 0.041203
14868.022269 0.047781 0.064986 -0.067605 0.002069 0.041459
14868.058861 0.050167 0.065399 -0.067527 0.002203 0.041718
14868.095453 0.052567 0.065818 -0.067444 0.002337 0.041982
14868.132045 0.054983 0.066244 -0.067356 0.002468 0.042251
14868.168636 0.057415 0.066676 -0.067263 0.002597 0.042523
14868.205228 0.059863 0.067115 -0.067166 0.002724 0.042800
14868.241820 0.062327 0.067561 -0.067064 0.002848 0.043081
14868.278412 0.064807 0.068013 -0.066957 0.002971 0.043366
14868.315004 0.067305 0.068472 -0.066846 0.003091 0.043655
14868.351595 0.069819 0.068937 -0.066731 0.003209 0.043949
14868.388187 0.072350 0.069409 -0.066611 0.003324 0.044246
14868.424779 0.074898 0.069887 -0.066488 0.003438 0.044548
14868.461371 0.077464 0.070372 -0.066360 0.003550 0.044855
14868.497963 0.080048 0.070864 -0.066228 0.003661 0.045165
14868.534554 0.082651 0.071362 -0.066092 0.003770 0.045480
14868.571146 0.085271 0.071867 -0.065952 0.003879 0.045799
14868.607738 0.087910 0.072379 -0.065808 0.003987 0.046123
14868.644330 0.090568 0.072897 -0.065660 0.004095 0.046450
14868.680922 0.093245 0.073421 -0.065508 0.004203 0.046782
14868.717514 0.095941 0.073953 -0.065353 0.004313 0.047118
14868.754105 0.098657 0.074490 -0.065193 0.004424 0.047458
14868.790697 0.101393 0.075034 -0.065029 0.004537 0.047802
14868.827289 0.104149 0.075585 -0.064861 0.004652 0.048151
14868.863881 0.106925 0.076142 -0.064688 0.004770 0.048504
14868.900473 0.109721 0.076706 -0.064512 0.004892 0.048860
14868.937064 0.112538 0.077276 -0.064330 0.005017 0.049221
14868.973656 0.115376 0.077852 -0.064144 0.005148 0.049587
14869.010248 0.118236 0.078434 -0.063954 0.005283 0.049956
14869.046840 0.121117 0.079023 -0.063758 0.005424 0.050329
14869.083432 0.124019 0.079618 -0.063557 0.005571 0.050707
14869.120023 0.126944 0.080220 -0.063350 0.005725 0.051088
14869.156615 0.129890 0.080827 -0.063137 0.005885 0.051473
14869.193207 0.132859 0.081441 -0.062919 0.006052 0.051863
14869.229799 0.135850 0.082060 -0.062694 0.006227 0.052256
14869.266391 0.138864 0.082686 -0.062463 0.006410 0.052653
14869.302983 0.141902 0.083318 -0.062225 0.006601 0.053054
14869.339574 0.144962 0.083955 -0.061980 0.006801 0.053459
14869.376166 0.148046 0.084598 -0.061727 0.007008 0.053868
14869.412758 0.151153 0.085248 -0.061467 0.007224 0.054280
14869.449350 0.154285 0.085902 -0.061199 0.007449 0.054697
14869.485942 0.157440 0.086563 -0.060922 0.007683 0.055117
14869.522533 0.160620 0.087229 -0.060636 0.007925 0.055540
14869.559125 0.163824 0.087900 -0.060342 0.008175 0.055967
14869.595717 0.167053 0.088577 -0.060038 0.008434 0.056398
14869.632309 0.170306 0.089259 -0.059724 0.008700 0.056832
14869.668901 0.173585 0.089946 -0.059401 0.008975 0.057269
14869.705493 0.176889 0.090638 -0.059068 0.009257 0.057710
14869.742084 0.180218 0.091336 -0.058724 0.009547 0.058155
14869.778676 0.183573 0.092038 -0.058369 0.009844 0.058602
14869.815268 0.186954 0.092746 -0.058003 0.010147 0.059053
14869.851860 0.190361 0.093457 -0.057626 0.010457 0.059507
14869.888452 0.193794 0.094174 -0.057238 0.010772 0.059963
14869.925043 0.197253 0.094895 -0.056838 0.011094 0.060423
14869.961635 0.200738 0.095620 -0.056426 0.011420 0.060886
14869.998227 0.204251 0.096350 -0.056002 0.011751 0.061352
14870.034819 0.207790 0.097084 -0.055566 0.012086 0.061820
14870.071411 0.211356 0.097822 -0.055117 0.012425 0.062291
14870.108002 0.214949 0.098563 -0.054656 0.012768 0.062765
14870.144594 0.218569 0.099309 -0.054183 0.013114 0.063241
14870.181186 0.222216 0.100058 -0.053697 0.013462 0.063720
14870.217778 0.225892 0.100810 -0.053198 0.013814 0.064200
14870.254370 0.229594 0.101565 -0.052686 0.014167 0.064684
14870.290962 0.233324 0.102324 -0.052161 0.014522 0.065169
14870.327553 0.237083 0.103085 -0.051623 0.014879 0.065656
14870.364145 0.240869 0.103849 -0.051072 0.015237 0.066145
14870.400737 0.244683 0.104615 -0.050508 0.015596 0.066636
14870.437329 0.248525 0.105384 -0.049931 0.015956 0.067128
14870.473921 0.252395 0.106154 -0.049340 0.016318 0.067622
14870.510512 0.256294 0.106927 -0.048736 0.016680 0.068117
14870.547104 0.260220 0.107701 -0.048119 0.017044 0.068614
14870.583696 0.264176 0.108476 -0.047489 0.017408 0.069111
14870.620288 0.268159 0.109252 -0.046845 0.017774 0.069609
14870.656880 0.272171 0.110029 -0.046188 0.018140 0.070108
14870.693471 0.276211 0.110806 -0.045518 0.018508 0.070608
14870.730063 0.280280 0.111584 -0.044834 0.018878 0.071108
14870.766655 0.284377 0.112361 -0.044136 0.019249 0.071608
14870.803247 0.288503 0.113138 -0.043425 0.019622 0.072108
14870.839839 0.292657 0.113914 -0.042700 0.019997 0.072608
14870.876431 0.296840 0.114689 -0.041962 0.020374 0.073107
14870.913022 0.301051 0.115463 -0.041209 0.020754 0.073606
14870.949614 0.305290 0.116234 -0.040443 0.021138 0.074103
14870.986206 0.309557 0.117004 -0.039662 0.021524 0.074600
14871.022798 0.313853 0.117771 -0.038867 0.021915 0.075095
14871.059390 0.318176 0.118534 -0.038058 0.022309 0.075589
14871.095981 0.322527 0.119295 -0.037235 0.022707 0.076081
14871.132573 0.326906 0.120051 -0.036396 0.023110 0.076571
14871.169165 0.331313 0.120804 -0.035543 0.023518 0.077058
14871.205757 0.335747 0.121551 -0.034675 0.023931 0.077543
14871.242349 0.340208 0.122293 -0.033792 0.024349 0.078025
14871.278940 0.344697 0.123030 -0.032893 0.024773 0.078504
14871.315532 0.349212 0.123761 -0.031979 0.025203 0.078979
14871.352124 0.353754 0.124485 -0.031049 0.025638 0.079450
14871.388716 0.358322 0.125201 -0.030103 0.026079 0.079917
14871.425308 0.362917 0.125911 -0.029140 0.026526 0.080380
14871.461900 0.367537 0.126612 -0.028161 0.026979 0.080837
14871.498491 0.372182 0.127304 -0.027166 0.027438 0.081290
14871.535083 0.376853 0.127987 -0.026153 0.027902 0.081737
14871.571675 0.381549 0.128660 -0.025124 0.028373 0.082179
14871.608267 0.386269 0.129323 -0.024077 0.028848 0.082614
14871.644859 0.391013 0.129975 -0.023012 0.029329 0.083042
14871.681450 0.395781 0.130615 -0.021930 0.029815 0.083464
14871.718042 0.400572 0.131243 -0.020830 0.030305 0.083878
14871.754634 0.405386 0.131859 -0.019712 0.030799 0.084285
14871.791226 0.410222 0.132461 -0.018576 0.031297 0.084684
14871.827818 0.415079 0.133049 -0.017422 0.031798 0.085074
14871.864410 0.419958 0.133622 -0.016249 0.032301 0.085455
14871.901001 0.424858 0.134180 -0.015058 0.032806 0.085827
14871.937593 0.429778 0.134722 -0.013848 0.033312 0.086189
14871.974185 0.434717 0.135247 -0.012620 0.033819 0.086541
14872.010777 0.439676 0.135755 -0.011373 0.034325 0.086883
14872.047369 0.444652 0.136245 -0.010108 0.034831 0.087214
14872.083960 0.449646 0.136717 -0.008824 0.035334 0.087533
14872.120552 0.454657 0.137169 -0.007522 0.035835 0.087840
14872.157144 0.459685 0.137601 -0.006202 0.036331 0.088135
14872.193736 0.464727 0.138012 -0.004863 0.036824 0.088417
14872.230328 0.469785 0.138401 -0.003507 0.037310 0.088686
14872.266919 0.474856 0.138768 -0.002133 0.037791 0.088942
14872.303511 0.479940 0.139112 -0.000741 0.038264 0.089183
14872.340103 0.485036 0.139433 0.000667 0.038728 0.089409
14872.376695 0.490144 0.139729 0.002093 0.039183 0.089620
14872.413287 0.495262 0.139999 0.003535 0.039628 0.089816
14872.449879 0.500389 0.140243 0.004993 0.040062 0.089996
14872.486470 0.505525 0.140461 0.006467 0.040484 0.090159
14872.523062 0.510668 0.140651 0.007955 0.040892 0.090304
14872.559654 0.515818 0.140812 0.009459 0.041287 0.090433
14872.596246 0.520973 0.140944 0.010977 0.041667 0.090543
14872.632838 0.526132 0.141046 0.012508 0.042030 0.090634
14872.669429 0.531295 0.141117 0.014053 0.042377 0.090707
14872.706021 0.536459 0.141157 0.015609 0.042707 0.090759
14872.742613 0.541625 0.141164 0.017178 0.043019 0.090792
14872.779205 0.546790 0.141138 0.018757 0.043311 0.090804
14872.815797 0.551953 0.141078 0.020347 0.043584 0.090794
14872.852388 0.557114 0.140983 0.021947 0.043836 0.090763
14872.888980 0.562270 0.140852 0.023555 0.044067 0.090710
14872.925572 0.567422 0.140685 0.025171 0.044276 0.090634
14872.962164 0.572566 0.140481 0.026795 0.044463 0.090534
14872.998756 0.577702 0.140238 0.028425 0.044627 0.090411
14873.035348 0.582829 0.139957 0.030061 0.044767 0.090264
14873.071939 0.587944 0.139637 0.031701 0.044884 0.090092
14873.108531 0.593047 0.139276 0.033345 0.044976 0.089894
14873.145123 0.598136 0.138873 0.034992 0.045044 0.089671
14873.181715 0.603210 0.138430 0.036641 0.045086 0.089422
14873.218307 0.608267 0.137943 0.038291 0.045103 0.089146
14873.254898 0.613305 0.137413 0.039942 0.045094 0.088842
14873.291490 0.618322 0.136840 0.041591 0.045059 0.088511
14873.328082 0.623318 0.136221 0.043239 0.044999 0.088152
14873.364674 0.628291 0.135558 0.044884 0.044912 0.087765
14873.401266 0.633238 0.134848 0.046526 0.044798 0.087348
14873.437857 0.638159 0.134092 0.048162 0.044658 0.086902
14873.474449 0.643051 0.133289 0.049793 0.044492 0.086426
14873.511041 0.647913 0.132438 0.051418 0.044298 0.085920
14873.547633 0.652743 0.131539 0.053035 0.044079 0.085384
14873.584225 0.657539 0.130591 0.054644 0.043833 0.084816
14873.620817 0.662300 0.129594 0.056243 0.043560 0.084218
14873.657408 0.667023 0.128548 0.057831 0.043261 0.083588
14873.694000 0.671706 0.127451 0.059408 0.042937 0.082926
14873.730592 0.676349 0.126304 0.060973 0.042586 0.082232
14873.767184 0.680949 0.125106 0.062525 0.042209 0.081505
14873.803776 0.685504 0.123857 0.064062 0.041808 0.080747
14873.840367 0.690013 0.122557 0.065584 0.041381 0.079955
14873.876959 0.694473 0.121205 0.067090 0.040929 0.079130
14873.913551 0.698883 0.119802 0.068579 0.040453 0.078273
14873.950143 0.703240 0.118347 0.070050 0.039952 0.077382
14873.986735 0.707543 0.116840 0.071502 0.039428 0.076458
14874.023327 0.711790 0.115281 0.072935 0.038881 0.075501
14874.059918 0.715979 0.113670 0.074348 0.038311 0.074510
14874.096510 0.720108 0.112008 0.075739 0.037719 0.073486
14874.133102 0.724175 0.110293 0.077108 0.037104 0.072428
14874.169694 0.728179 0.108527 0.078454 0.036469 0.071337
14874.206286 0.732117 0.106710 0.079776 0.035813 0.070214
14874.242877 0.735988 0.104842 0.081075 0.035136 0.069057
14874.279469 0.739789 0.102923 0.082348 0.034440 0.067867
14874.316061 0.743520 0.100954 0.083595 0.033726 0.066644
14874.352653 0.747177 0.098935 0.084815 0.032992 0.065389
14874.389245 0.750759 0.096866 0.086009 0.032242 0.064102
14874.425836 0.754265 0.094749 0.087175 0.031474 0.062783
14874.462428 0.757693 0.092583 0.088312 0.030690 0.061433
14874.499020 0.761040 0.090370 0.089421 0.029890 0.060051
14874.535612 0.764306 0.088110 0.090500 0.029075 0.058639
14874.572204 0.767488 0.085804 0.091548 0.028246 0.057196
14874.608796 0.770585 0.083452 0.092567 0.027404 0.055724
